0 0.3125 0.8115234375 0.09765625 0.068359375
0 0.9013671875 0.8818359375 0.197265625 0.236328125
0 0.080078125 0.662109375 0.15234375 0.05859375
0 0.6767578125 0.6396484375 0.115234375 0.064453125
0 0.7998046875 0.6396484375 0.072265625 0.072265625
0 0.96484375 0.5498046875 0.0703125 0.107421875
0 0.056640625 0.5498046875 0.09765625 0.107421875
0 0.4736328125 0.4775390625 0.529296875 0.435546875
0 0.130859375 0.25390625 0.05078125 0.0625
0 0.1953125 0.1953125 0.05859375 0.06640625
0 0.099609375 0.193359375 0.09375 0.06640625
0 0.4541015625 0.1484375 0.068359375 0.04296875
0 0.1337890625 0.0673828125 0.099609375 0.083984375
0 0.2421875 0.03125 0.078125 0.0546875
0 0.66015625 0.02734375 0.0546875 0.0546875
