0 0.7587890625 0.8115234375 0.099609375 0.068359375
0 0.18359375 0.8818359375 0.18359375 0.236328125
0 0.9375 0.662109375 0.125 0.05859375
0 0.357421875 0.6396484375 0.11328125 0.064453125
0 0.2353515625 0.6396484375 0.076171875 0.072265625
0 0.951171875 0.5498046875 0.09765625 0.107421875
0 0.0419921875 0.5498046875 0.083984375 0.107421875
0 0.529296875 0.4775390625 0.5859375 0.435546875
0 0.810546875 0.25390625 0.05859375 0.0625
0 0.7314453125 0.1953125 0.060546875 0.06640625
0 0.8291015625 0.193359375 0.099609375 0.06640625
0 0.46484375 0.1484375 0.0703125 0.04296875
0 0.7666015625 0.0673828125 0.099609375 0.083984375
0 0.6494140625 0.03125 0.080078125 0.0546875
0 0.2275390625 0.02734375 0.060546875 0.0546875
