0 0.6875 0.8115234375 0.09765625 0.068359375
0 0.0986328125 0.8818359375 0.197265625 0.236328125
0 0.919921875 0.662109375 0.15234375 0.05859375
0 0.3232421875 0.6396484375 0.115234375 0.064453125
0 0.2001953125 0.6396484375 0.072265625 0.072265625
0 0.943359375 0.5498046875 0.09765625 0.107421875
0 0.03515625 0.5498046875 0.0703125 0.107421875
0 0.5263671875 0.4775390625 0.529296875 0.435546875
0 0.869140625 0.25390625 0.05078125 0.0625
0 0.8046875 0.1953125 0.05859375 0.06640625
0 0.900390625 0.193359375 0.09375 0.06640625
0 0.5458984375 0.1484375 0.068359375 0.04296875
0 0.8662109375 0.0673828125 0.099609375 0.083984375
0 0.7578125 0.03125 0.078125 0.0546875
0 0.33984375 0.02734375 0.0546875 0.0546875
