0 0.201171875 0.9248046875 0.16015625 0.150390625
0 0.75 0.74609375 0.09765625 0.08203125
0 0.244140625 0.71875 0.07421875 0.078125
0 0.3623046875 0.685546875 0.111328125 0.0859375
0 0.0576171875 0.6923828125 0.080078125 0.107421875
0 0.931640625 0.5322265625 0.13671875 0.080078125
0 0.939453125 0.4150390625 0.10546875 0.111328125
0 0.52734375 0.4833984375 0.56640625 0.353515625
0 0.798828125 0.154296875 0.0546875 0.06640625
0 0.4658203125 0.142578125 0.068359375 0.046875
0 0.724609375 0.1162109375 0.05859375 0.064453125
0 0.234375 0.0869140625 0.05859375 0.056640625
0 0.81640625 0.0849609375 0.09765625 0.060546875
0 0.748046875 0.01171875 0.078125 0.0234375
0 0.619140625 0.0029296875 0.0234375 0.005859375
