0 0.4375 0.8115234375 0.09765625 0.068359375
0 0.669921875 0.662109375 0.15234375 0.05859375
0 0.0732421875 0.6396484375 0.115234375 0.064453125
0 0.693359375 0.5498046875 0.09765625 0.107421875
0 0.2763671875 0.4775390625 0.529296875 0.435546875
0 0.619140625 0.25390625 0.05078125 0.0625
0 0.5546875 0.1953125 0.05859375 0.06640625
0 0.650390625 0.193359375 0.09375 0.06640625
0 0.2958984375 0.1484375 0.068359375 0.04296875
0 0.6162109375 0.0673828125 0.099609375 0.083984375
0 0.5078125 0.03125 0.078125 0.0546875
0 0.08984375 0.02734375 0.0546875 0.0546875
