0 0.611328125 0.8505859375 0.09375 0.072265625
0 0.87109375 0.7685546875 0.14453125 0.076171875
0 0.068359375 0.7197265625 0.13671875 0.154296875
0 0.919921875 0.6806640625 0.09765625 0.107421875
0 0.298828125 0.5791015625 0.1171875 0.060546875
0 0.1787109375 0.548828125 0.076171875 0.078125
0 0.0361328125 0.40234375 0.072265625 0.1015625
0 0.9111328125 0.3681640625 0.052734375 0.064453125
0 0.95703125 0.3212890625 0.0859375 0.072265625
0 0.865234375 0.29296875 0.05859375 0.0703125
0 0.5146484375 0.4833984375 0.478515625 0.513671875
0 0.951171875 0.1923828125 0.09765625 0.076171875
0 0.625 0.1767578125 0.0625 0.052734375
0 0.8544921875 0.125 0.076171875 0.0625
0 0.455078125 0.0126953125 0.0546875 0.025390625
