0 0.630859375 0.7177734375 0.06640625 0.048828125
0 0.21875 0.7666015625 0.13671875 0.166015625
0 0.7939453125 0.61328125 0.107421875 0.04296875
0 0.3759765625 0.59765625 0.080078125 0.04296875
0 0.2890625 0.59765625 0.05078125 0.05078125
0 0.810546875 0.53515625 0.06640625 0.07421875
0 0.173828125 0.53515625 0.046875 0.07421875
0 0.51953125 0.4853515625 0.3671875 0.306640625
0 0.7587890625 0.328125 0.037109375 0.04296875
0 0.7138671875 0.287109375 0.041015625 0.046875
0 0.78125 0.28515625 0.06640625 0.046875
0 0.533203125 0.2529296875 0.046875 0.029296875
0 0.755859375 0.197265625 0.0703125 0.05859375
0 0.6796875 0.1708984375 0.0546875 0.037109375
0 0.3876953125 0.1689453125 0.037109375 0.037109375
