0 0.544921875 0.896484375 0.11328125 0.08984375
0 0.12890625 0.9130859375 0.12890625 0.130859375
0 0.037109375 0.8388671875 0.07421875 0.107421875
0 0.5830078125 0.794921875 0.103515625 0.08203125
0 0.013671875 0.634765625 0.02734375 0.03515625
0 0.1435546875 0.611328125 0.037109375 0.04296875
0 0.8056640625 0.4375 0.083984375 0.09375
0 0.5087890625 0.54296875 0.498046875 0.37890625
0 0.7041015625 0.3671875 0.107421875 0.0859375
0 0.2099609375 0.3515625 0.107421875 0.0625
0 0.7607421875 0.26953125 0.056640625 0.05859375
0 0.40625 0.2841796875 0.171875 0.111328125
0 0.0576171875 0.322265625 0.115234375 0.24609375
0 0.26953125 0.2490234375 0.109375 0.126953125
0 0.5322265625 0.1953125 0.048828125 0.0390625
0 0.896484375 0.1533203125 0.15234375 0.080078125
0 0.7841796875 0.1083984375 0.095703125 0.044921875
0 0.19140625 0.1171875 0.12109375 0.078125
0 0.4501953125 0.111328125 0.087890625 0.07421875
0 0.3505859375 0.1064453125 0.052734375 0.103515625
0 0.1083984375 0.025390625 0.119140625 0.05078125
