0 0.6484375 0.9521484375 0.14453125 0.056640625
0 0.2451171875 0.9228515625 0.072265625 0.041015625
0 0.4287109375 0.908203125 0.083984375 0.0390625
0 0.353515625 0.8916015625 0.046875 0.041015625
0 0.1337890625 0.8544921875 0.080078125 0.060546875
0 0.6015625 0.7841796875 0.08984375 0.064453125
0 0.3076171875 0.794921875 0.091796875 0.09375
0 0.212890625 0.7412109375 0.08203125 0.076171875
0 0.962890625 0.736328125 0.07421875 0.078125
0 0.6103515625 0.7109375 0.080078125 0.05859375
0 0.150390625 0.59765625 0.0703125 0.02734375
0 0.080078125 0.62890625 0.12109375 0.1171875
0 0.263671875 0.5791015625 0.03125 0.029296875
0 0.708984375 0.455078125 0.0625 0.06640625
0 0.521484375 0.53125 0.37890625 0.26953125
0 0.6259765625 0.40625 0.083984375 0.05859375
0 0.2685546875 0.3935546875 0.083984375 0.044921875
0 0.6484375 0.3349609375 0.046875 0.041015625
0 0.9228515625 0.3505859375 0.072265625 0.080078125
0 0.396484375 0.3466796875 0.1328125 0.080078125
0 0.1005859375 0.380859375 0.201171875 0.19140625
0 0.29296875 0.3203125 0.06640625 0.08984375
0 0.4716796875 0.2822265625 0.037109375 0.029296875
0 0.0048828125 0.2607421875 0.009765625 0.021484375
0 0.728515625 0.2529296875 0.10546875 0.056640625
0 0.63671875 0.2197265625 0.0703125 0.033203125
0 0.21484375 0.2255859375 0.08984375 0.056640625
0 0.3984375 0.2216796875 0.0625 0.052734375
0 0.326171875 0.21875 0.05078125 0.07421875
0 0.0048828125 0.1328125 0.009765625 0.01953125
0 0.8984375 0.1494140625 0.05859375 0.091796875
0 0.650390625 0.115234375 0.0390625 0.0234375
0 0.1376953125 0.140625 0.080078125 0.07421875
0 0.58984375 0.072265625 0.05859375 0.046875
0 0.8017578125 0.068359375 0.044921875 0.04296875
0 0.001953125 0.0390625 0.00390625 0.01171875
0 0.6943359375 0.025390625 0.134765625 0.05078125
0 0.421875 0.01953125 0.05859375 0.0390625
0 0.3525390625 0.0419921875 0.072265625 0.083984375
0 0.138671875 0.01953125 0.05859375 0.0390625
