0 0.541015625 0.7021484375 0.140625 0.056640625
0 0.14453125 0.6728515625 0.06640625 0.041015625
0 0.330078125 0.658203125 0.0859375 0.0390625
0 0.2587890625 0.6416015625 0.044921875 0.041015625
0 0.048828125 0.6044921875 0.0859375 0.060546875
0 0.53125 0.5341796875 0.08203125 0.064453125
0 0.2353515625 0.544921875 0.091796875 0.09375
0 0.1552734375 0.4912109375 0.083984375 0.076171875
0 0.9365234375 0.4912109375 0.126953125 0.087890625
0 0.55859375 0.4609375 0.07421875 0.05859375
0 0.126953125 0.34765625 0.0703125 0.02734375
0 0.05078125 0.37890625 0.1015625 0.1171875
0 0.24609375 0.3291015625 0.02734375 0.029296875
0 0.71875 0.205078125 0.05859375 0.06640625
0 0.505859375 0.28125 0.35546875 0.26953125
0 0.6455078125 0.154296875 0.076171875 0.0625
0 0.2939453125 0.1435546875 0.076171875 0.044921875
0 0.6865234375 0.0849609375 0.041015625 0.041015625
0 0.958984375 0.1005859375 0.0625 0.080078125
0 0.4326171875 0.0966796875 0.123046875 0.080078125
0 0.1123046875 0.130859375 0.224609375 0.19140625
0 0.3359375 0.0703125 0.078125 0.08984375
0 0.5234375 0.0322265625 0.03515625 0.029296875
0 0.783203125 0.015625 0.109375 0.03125
0 0.3984375 0.0029296875 0.0234375 0.005859375
0 0.28125 0.001953125 0.046875 0.00390625
0 0.0390625 0.013671875 0.05078125 0.02734375
