0 0.541015625 0.9521484375 0.140625 0.056640625
0 0.14453125 0.9228515625 0.06640625 0.041015625
0 0.330078125 0.908203125 0.0859375 0.0390625
0 0.2587890625 0.8916015625 0.044921875 0.041015625
0 0.048828125 0.8544921875 0.0859375 0.060546875
0 0.53125 0.7841796875 0.08203125 0.064453125
0 0.2353515625 0.794921875 0.091796875 0.09375
0 0.1552734375 0.7412109375 0.083984375 0.076171875
0 0.9365234375 0.7412109375 0.126953125 0.087890625
0 0.55859375 0.7109375 0.07421875 0.05859375
0 0.126953125 0.59765625 0.0703125 0.02734375
0 0.05078125 0.62890625 0.1015625 0.1171875
0 0.24609375 0.5791015625 0.02734375 0.029296875
0 0.71875 0.455078125 0.05859375 0.06640625
0 0.505859375 0.53125 0.35546875 0.26953125
0 0.6455078125 0.404296875 0.076171875 0.0625
0 0.2939453125 0.3935546875 0.076171875 0.044921875
0 0.6865234375 0.3349609375 0.041015625 0.041015625
0 0.958984375 0.3505859375 0.0625 0.080078125
0 0.4326171875 0.3466796875 0.123046875 0.080078125
0 0.1123046875 0.380859375 0.224609375 0.19140625
0 0.3359375 0.3203125 0.078125 0.08984375
0 0.5234375 0.2822265625 0.03515625 0.029296875
0 0.0390625 0.259765625 0.05078125 0.03515625
0 0.783203125 0.2529296875 0.109375 0.056640625
0 0.703125 0.2197265625 0.0703125 0.033203125
0 0.279296875 0.2255859375 0.0859375 0.056640625
0 0.4638671875 0.2216796875 0.064453125 0.052734375
0 0.3935546875 0.21875 0.037109375 0.07421875
0 0.01953125 0.1865234375 0.0390625 0.048828125
0 0.9765625 0.1494140625 0.046875 0.091796875
0 0.740234375 0.115234375 0.0390625 0.0234375
0 0.2197265625 0.140625 0.083984375 0.07421875
0 0.0693359375 0.1240234375 0.052734375 0.041015625
0 0.6904296875 0.072265625 0.060546875 0.046875
0 0.9052734375 0.068359375 0.044921875 0.04296875
0 0.056640625 0.0361328125 0.11328125 0.060546875
0 0.8125 0.025390625 0.13671875 0.05078125
0 0.5361328125 0.01953125 0.056640625 0.0390625
0 0.4619140625 0.0419921875 0.068359375 0.083984375
0 0.2529296875 0.01953125 0.056640625 0.0390625
