0 0.458984375 0.9521484375 0.140625 0.056640625
0 0.85546875 0.9228515625 0.06640625 0.041015625
0 0.669921875 0.908203125 0.0859375 0.0390625
0 0.7412109375 0.8916015625 0.044921875 0.041015625
0 0.951171875 0.8544921875 0.0859375 0.060546875
0 0.46875 0.7841796875 0.08203125 0.064453125
0 0.7646484375 0.794921875 0.091796875 0.09375
0 0.8447265625 0.7412109375 0.083984375 0.076171875
0 0.0634765625 0.7412109375 0.126953125 0.087890625
0 0.44140625 0.7109375 0.07421875 0.05859375
0 0.873046875 0.59765625 0.0703125 0.02734375
0 0.94921875 0.62890625 0.1015625 0.1171875
0 0.75390625 0.5791015625 0.02734375 0.029296875
0 0.28125 0.455078125 0.05859375 0.06640625
0 0.494140625 0.53125 0.35546875 0.26953125
0 0.3544921875 0.404296875 0.076171875 0.0625
0 0.7060546875 0.3935546875 0.076171875 0.044921875
0 0.3134765625 0.3349609375 0.041015625 0.041015625
0 0.041015625 0.3505859375 0.0625 0.080078125
0 0.5673828125 0.3466796875 0.123046875 0.080078125
0 0.8876953125 0.380859375 0.224609375 0.19140625
0 0.6640625 0.3203125 0.078125 0.08984375
0 0.4765625 0.2822265625 0.03515625 0.029296875
0 0.9609375 0.259765625 0.05078125 0.03515625
0 0.216796875 0.2529296875 0.109375 0.056640625
0 0.296875 0.2197265625 0.0703125 0.033203125
0 0.720703125 0.2255859375 0.0859375 0.056640625
0 0.5361328125 0.2216796875 0.064453125 0.052734375
0 0.6064453125 0.21875 0.037109375 0.07421875
0 0.98046875 0.1865234375 0.0390625 0.048828125
0 0.9306640625 0.1240234375 0.052734375 0.041015625
0 0.7802734375 0.140625 0.083984375 0.07421875
0 0.259765625 0.115234375 0.0390625 0.0234375
0 0.0234375 0.1494140625 0.046875 0.091796875
0 0.3095703125 0.072265625 0.060546875 0.046875
0 0.0947265625 0.068359375 0.044921875 0.04296875
0 0.943359375 0.0361328125 0.11328125 0.060546875
0 0.7470703125 0.01953125 0.056640625 0.0390625
0 0.5380859375 0.0419921875 0.068359375 0.083984375
0 0.4638671875 0.01953125 0.056640625 0.0390625
0 0.1875 0.025390625 0.13671875 0.05078125
