0 0.98828125 0.53515625 0.0234375 0.0390625
0 0.845703125 0.3857421875 0.078125 0.087890625
0 0.0009765625 0.3310546875 0.001953125 0.001953125
0 0.2138671875 0.349609375 0.138671875 0.07421875
0 0.0205078125 0.29296875 0.041015625 0.0703125
0 0.3134765625 0.25 0.041015625 0.046875
0 0.06640625 0.240234375 0.078125 0.05859375
0 0.5693359375 0.1328125 0.173828125 0.08984375
0 0.447265625 0.111328125 0.0390625 0.046875
0 0.2265625 0.1181640625 0.35546875 0.177734375
0 0.5048828125 0.5029296875 0.990234375 0.955078125
0 0.67578125 0.021484375 0.07421875 0.04296875
0 0.517578125 0.0419921875 0.14453125 0.083984375
