0 0.5361328125 0.98046875 0.056640625 0.0390625
0 0.2529296875 0.98046875 0.056640625 0.0390625
0 0.8125 0.974609375 0.13671875 0.05078125
0 0.056640625 0.9638671875 0.11328125 0.060546875
0 0.4619140625 0.9580078125 0.068359375 0.083984375
0 0.9052734375 0.931640625 0.044921875 0.04296875
0 0.6904296875 0.927734375 0.060546875 0.046875
0 0.740234375 0.884765625 0.0390625 0.0234375
0 0.0693359375 0.8759765625 0.052734375 0.041015625
0 0.2197265625 0.859375 0.083984375 0.07421875
0 0.9765625 0.8505859375 0.046875 0.091796875
0 0.01953125 0.8134765625 0.0390625 0.048828125
0 0.703125 0.7802734375 0.0703125 0.033203125
0 0.4638671875 0.7783203125 0.064453125 0.052734375
0 0.279296875 0.7744140625 0.0859375 0.056640625
0 0.3935546875 0.78125 0.037109375 0.07421875
0 0.0390625 0.740234375 0.05078125 0.03515625
0 0.783203125 0.7470703125 0.109375 0.056640625
0 0.5234375 0.7177734375 0.03515625 0.029296875
0 0.6865234375 0.6650390625 0.041015625 0.041015625
0 0.3359375 0.6796875 0.078125 0.08984375
0 0.4326171875 0.6533203125 0.123046875 0.080078125
0 0.958984375 0.6494140625 0.0625 0.080078125
0 0.2939453125 0.6064453125 0.076171875 0.044921875
0 0.6455078125 0.595703125 0.076171875 0.0625
0 0.1123046875 0.619140625 0.224609375 0.19140625
0 0.71875 0.544921875 0.05859375 0.06640625
0 0.24609375 0.4208984375 0.02734375 0.029296875
0 0.126953125 0.40234375 0.0703125 0.02734375
0 0.505859375 0.46875 0.35546875 0.26953125
0 0.05078125 0.37109375 0.1015625 0.1171875
0 0.55859375 0.2890625 0.07421875 0.05859375
0 0.1552734375 0.2587890625 0.083984375 0.076171875
0 0.9365234375 0.2587890625 0.126953125 0.087890625
0 0.53125 0.2158203125 0.08203125 0.064453125
0 0.2353515625 0.205078125 0.091796875 0.09375
0 0.048828125 0.1455078125 0.0859375 0.060546875
0 0.2587890625 0.1083984375 0.044921875 0.041015625
0 0.330078125 0.091796875 0.0859375 0.0390625
0 0.14453125 0.0771484375 0.06640625 0.041015625
0 0.541015625 0.0478515625 0.140625 0.056640625
