0 0.080078125 0.802734375 0.046875 0.05859375
0 0.8994140625 0.7802734375 0.048828125 0.052734375
0 0.060546875 0.755859375 0.05078125 0.07421875
0 0.8154296875 0.69921875 0.072265625 0.13671875
0 0.177734375 0.6455078125 0.0625 0.056640625
0 0.0263671875 0.62890625 0.033203125 0.0546875
0 0.919921875 0.5654296875 0.16015625 0.166015625
0 0.859375 0.45703125 0.04296875 0.03515625
0 0.2197265625 0.5087890625 0.119140625 0.138671875
0 0.791015625 0.412109375 0.05859375 0.0390625
0 0.9697265625 0.4013671875 0.060546875 0.076171875
0 0.84375 0.216796875 0.203125 0.26953125
0 0.4970703125 0.537109375 0.599609375 0.92578125
0 0.3623046875 0.0947265625 0.044921875 0.064453125
0 0.517578125 0.0517578125 0.05859375 0.041015625
0 0.333984375 0.0458984375 0.05078125 0.029296875
0 0.84765625 0.013671875 0.05078125 0.02734375
