0 0.2470703125 0.99609375 0.044921875 0.0078125
0 0.14453125 0.9677734375 0.078125 0.064453125
0 0.3583984375 0.9501953125 0.044921875 0.044921875
0 0.4306640625 0.9453125 0.080078125 0.05859375
0 0.642578125 0.9189453125 0.140625 0.048828125
0 0.3134765625 0.865234375 0.087890625 0.1015625
0 0.220703125 0.830078125 0.078125 0.08203125
0 0.59765625 0.7626953125 0.0859375 0.060546875
0 0.09375 0.763671875 0.1171875 0.125
0 0.1630859375 0.7021484375 0.068359375 0.041015625
0 0.60546875 0.68359375 0.078125 0.0625
0 0.271484375 0.6494140625 0.02734375 0.033203125
0 0.955078125 0.6064453125 0.08984375 0.080078125
0 0.2763671875 0.4560546875 0.080078125 0.041015625
0 0.5205078125 0.5234375 0.365234375 0.26953125
0 0.10546875 0.498046875 0.2109375 0.2265625
0 0.0126953125 0.400390625 0.025390625 0.0390625
0 0.703125 0.392578125 0.0625 0.0703125
0 0.62109375 0.3671875 0.08203125 0.05859375
0 0.400390625 0.3701171875 0.12890625 0.076171875
0 0.2998046875 0.3740234375 0.064453125 0.103515625
0 0.2236328125 0.302734375 0.087890625 0.05859375
0 0.6416015625 0.2890625 0.044921875 0.04296875
0 0.4716796875 0.283203125 0.037109375 0.03515625
0 0.013671875 0.263671875 0.02734375 0.02734375
0 0.3310546875 0.2607421875 0.052734375 0.072265625
0 0.4013671875 0.2431640625 0.060546875 0.056640625
0 0.150390625 0.23828125 0.078125 0.0859375
0 0.908203125 0.2216796875 0.0703125 0.083984375
0 0.009765625 0.171875 0.01953125 0.02734375
0 0.71875 0.185546875 0.1015625 0.0703125
0 0.630859375 0.1689453125 0.06640625 0.037109375
0 0.1494140625 0.109375 0.056640625 0.0390625
0 0.64453125 0.0595703125 0.0390625 0.029296875
0 0.357421875 0.0654296875 0.0703125 0.087890625
0 0.5859375 0.033203125 0.05859375 0.05078125
0 0.4248046875 0.0224609375 0.056640625 0.041015625
0 0.884765625 0.033203125 0.0546875 0.06640625
