0 0.0283203125 0.677734375 0.041015625 0.03515625
0 0.1376953125 0.490234375 0.083984375 0.0703125
0 0.7412109375 0.267578125 0.142578125 0.0546875
0 0.62109375 0.203125 0.0390625 0.046875
0 0.3486328125 0.1767578125 0.166015625 0.087890625
0 0.5 0.564453125 1.0 0.87109375
0 0.9462890625 0.1875 0.107421875 0.1328125
0 0.8603515625 0.1259765625 0.080078125 0.052734375
0 0.462890625 0.109375 0.0390625 0.04296875
0 0.046875 0.0830078125 0.07421875 0.060546875
0 0.2177734375 0.0673828125 0.072265625 0.087890625
0 0.970703125 0.0341796875 0.05859375 0.068359375
0 0.677734375 0.0751953125 0.359375 0.150390625
0 0.3701171875 0.0517578125 0.134765625 0.103515625
0 0.16796875 0.025390625 0.0546875 0.05078125
