0 0.7216796875 0.677734375 0.041015625 0.03515625
0 0.6123046875 0.490234375 0.083984375 0.0703125
0 0.0400390625 0.2666015625 0.080078125 0.052734375
0 0.12890625 0.203125 0.0390625 0.046875
0 0.4013671875 0.1767578125 0.166015625 0.087890625
0 0.375 0.564453125 0.75 0.87109375
0 0.287109375 0.109375 0.0390625 0.04296875
0 0.703125 0.0830078125 0.07421875 0.060546875
0 0.5322265625 0.0673828125 0.072265625 0.087890625
0 0.58203125 0.025390625 0.0546875 0.05078125
0 0.3798828125 0.0517578125 0.134765625 0.103515625
0 0.1259765625 0.0751953125 0.251953125 0.150390625
