0 0.822265625 0.8828125 0.04296875 0.05078125
0 0.9716796875 0.84765625 0.056640625 0.05078125
0 0.974609375 0.78515625 0.05078125 0.05859375
0 0.7646484375 0.779296875 0.072265625 0.13671875
0 0.0263671875 0.671875 0.052734375 0.046875
0 0.9013671875 0.6865234375 0.197265625 0.146484375
0 0.01953125 0.615234375 0.0390625 0.07421875
0 0.857421875 0.5625 0.0390625 0.03125
0 0.154296875 0.5478515625 0.0625 0.056640625
0 0.9716796875 0.546875 0.056640625 0.078125
0 0.80078125 0.4970703125 0.05859375 0.033203125
0 0.015625 0.486328125 0.03125 0.05078125
0 0.2255859375 0.4248046875 0.115234375 0.138671875
0 0.8935546875 0.318359375 0.212890625 0.25390625
0 0.490234375 0.5654296875 0.6875 0.869140625
0 0.9541015625 0.1181640625 0.060546875 0.052734375
0 0.6201171875 0.0712890625 0.052734375 0.044921875
0 0.4658203125 0.068359375 0.044921875 0.05859375
0 0.4453125 0.0107421875 0.046875 0.021484375
