0 0.9140625 0.8828125 0.05078125 0.05078125
0 0.8271484375 0.779296875 0.076171875 0.13671875
0 0.0654296875 0.671875 0.048828125 0.046875
0 0.92578125 0.6865234375 0.1484375 0.146484375
0 0.0458984375 0.615234375 0.052734375 0.07421875
0 0.8720703125 0.5625 0.044921875 0.03125
0 0.166015625 0.5478515625 0.0625 0.056640625
0 0.9775390625 0.544921875 0.044921875 0.07421875
0 0.8017578125 0.4970703125 0.060546875 0.033203125
0 0.013671875 0.486328125 0.02734375 0.05078125
0 0.2109375 0.4248046875 0.12109375 0.138671875
0 0.857421875 0.318359375 0.2109375 0.25390625
0 0.4970703125 0.5654296875 0.619140625 0.869140625
0 0.8623046875 0.1181640625 0.056640625 0.052734375
0 0.51953125 0.0712890625 0.0625 0.044921875
0 0.3603515625 0.068359375 0.048828125 0.05859375
0 0.3291015625 0.0107421875 0.052734375 0.021484375
