0 0.291015625 0.9521484375 0.140625 0.056640625
0 0.080078125 0.908203125 0.0859375 0.0390625
0 0.015625 0.8916015625 0.03125 0.041015625
0 0.015625 0.80078125 0.03125 0.07421875
0 0.28125 0.7841796875 0.08203125 0.064453125
0 0.6865234375 0.7412109375 0.126953125 0.087890625
0 0.30859375 0.7109375 0.07421875 0.05859375
0 0.0048828125 0.576171875 0.009765625 0.0234375
0 0.46875 0.455078125 0.05859375 0.06640625
0 0.255859375 0.53125 0.35546875 0.26953125
0 0.3955078125 0.404296875 0.076171875 0.0625
0 0.0439453125 0.3935546875 0.076171875 0.044921875
0 0.4365234375 0.3349609375 0.041015625 0.041015625
0 0.708984375 0.3505859375 0.0625 0.080078125
0 0.1826171875 0.3466796875 0.123046875 0.080078125
0 0.0859375 0.3203125 0.078125 0.08984375
0 0.2734375 0.2822265625 0.03515625 0.029296875
0 0.533203125 0.2529296875 0.109375 0.056640625
0 0.453125 0.2197265625 0.0703125 0.033203125
0 0.0361328125 0.2255859375 0.072265625 0.056640625
0 0.2138671875 0.2216796875 0.064453125 0.052734375
0 0.1435546875 0.21875 0.037109375 0.07421875
0 0.005859375 0.140625 0.01171875 0.0234375
0 0.7265625 0.1494140625 0.046875 0.091796875
0 0.490234375 0.115234375 0.0390625 0.0234375
0 0.4404296875 0.072265625 0.060546875 0.046875
0 0.6552734375 0.068359375 0.044921875 0.04296875
0 0.5625 0.025390625 0.13671875 0.05078125
0 0.2861328125 0.01953125 0.056640625 0.0390625
0 0.2119140625 0.0419921875 0.068359375 0.083984375
0 0.015625 0.01953125 0.03125 0.0390625
