0 0.435546875 0.9482421875 0.1328125 0.083984375
0 0.240234375 0.8427734375 0.0859375 0.033203125
0 0.861328125 0.86328125 0.1171875 0.11328125
0 0.1748046875 0.80859375 0.044921875 0.04296875
0 0.0556640625 0.8046875 0.064453125 0.0546875
0 0.46484375 0.7890625 0.07421875 0.0703125
0 0.013671875 0.7060546875 0.02734375 0.037109375
0 0.5087890625 0.720703125 0.076171875 0.0703125
0 0.171875 0.708984375 0.09375 0.09375
0 0.111328125 0.634765625 0.08984375 0.07421875
0 0.720703125 0.521484375 0.0625 0.0625
0 0.2373046875 0.5009765625 0.029296875 0.029296875
0 0.1171875 0.4853515625 0.07421875 0.033203125
0 0.974609375 0.4833984375 0.05078125 0.080078125
0 0.0390625 0.4873046875 0.078125 0.123046875
0 0.6611328125 0.4521484375 0.068359375 0.076171875
0 0.4921875 0.5517578125 0.32421875 0.298828125
0 0.716796875 0.39453125 0.0390625 0.046875
0 0.828125 0.345703125 0.109375 0.0625
0 0.326171875 0.3369140625 0.0703125 0.056640625
0 0.5712890625 0.2958984375 0.037109375 0.029296875
0 0.4697265625 0.3291015625 0.123046875 0.095703125
0 0.759765625 0.29296875 0.0703125 0.03515625
0 0.3818359375 0.28125 0.091796875 0.07421875
0 0.529296875 0.21875 0.06640625 0.05078125
0 0.1435546875 0.2783203125 0.232421875 0.177734375
0 0.822265625 0.19921875 0.0390625 0.02734375
0 0.984375 0.2001953125 0.03125 0.044921875
0 0.462890625 0.1962890625 0.03125 0.080078125
0 0.3486328125 0.171875 0.083984375 0.0625
0 0.7822265625 0.138671875 0.060546875 0.05078125
0 0.109375 0.1328125 0.05078125 0.0390625
0 0.9169921875 0.1240234375 0.130859375 0.068359375
0 0.3076171875 0.0703125 0.091796875 0.06640625
0 0.1064453125 0.0556640625 0.037109375 0.052734375
0 0.64453125 0.046875 0.0546875 0.05078125
0 0.5703125 0.0458984375 0.07421875 0.091796875
0 0.171875 0.017578125 0.05078125 0.03515625
