0 0.5283203125 0.81640625 0.095703125 0.0390625
0 0.25 0.7958984375 0.046875 0.029296875
0 0.380859375 0.7861328125 0.05859375 0.029296875
0 0.330078125 0.7734375 0.03125 0.02734375
0 0.1845703125 0.7470703125 0.060546875 0.041015625
0 0.5234375 0.69921875 0.05859375 0.046875
0 0.3134765625 0.70703125 0.064453125 0.06640625
0 0.2578125 0.6689453125 0.05859375 0.052734375
0 0.8046875 0.6689453125 0.08984375 0.060546875
0 0.541015625 0.6484375 0.0546875 0.0390625
0 0.2392578125 0.568359375 0.048828125 0.01953125
0 0.185546875 0.591796875 0.0703125 0.08203125
0 0.322265625 0.5556640625 0.01953125 0.021484375
0 0.6533203125 0.46875 0.041015625 0.046875
0 0.5048828125 0.521484375 0.248046875 0.1875
0 0.6025390625 0.4345703125 0.052734375 0.041015625
0 0.3564453125 0.42578125 0.052734375 0.03125
0 0.6298828125 0.384765625 0.029296875 0.03125
0 0.8212890625 0.3955078125 0.044921875 0.056640625
0 0.453125 0.3916015625 0.0859375 0.056640625
0 0.228515625 0.4169921875 0.15625 0.134765625
0 0.384765625 0.375 0.0546875 0.0625
0 0.5166015625 0.34765625 0.025390625 0.01953125
0 0.177734375 0.33203125 0.03515625 0.0234375
0 0.6982421875 0.3271484375 0.076171875 0.041015625
0 0.6416015625 0.3046875 0.048828125 0.0234375
0 0.4755859375 0.3056640625 0.044921875 0.037109375
0 0.345703125 0.3076171875 0.0625 0.041015625
0 0.42578125 0.3037109375 0.02734375 0.052734375
0 0.1640625 0.2802734375 0.02734375 0.033203125
0 0.833984375 0.2548828125 0.03125 0.064453125
0 0.6689453125 0.23046875 0.025390625 0.015625
0 0.3037109375 0.248046875 0.060546875 0.05078125
0 0.19921875 0.236328125 0.0390625 0.02734375
0 0.634765625 0.201171875 0.04296875 0.03515625
0 0.783203125 0.197265625 0.03125 0.03125
0 0.189453125 0.1748046875 0.078125 0.041015625
0 0.71875 0.16796875 0.09375 0.03515625
0 0.525390625 0.1640625 0.0390625 0.02734375
0 0.4736328125 0.1787109375 0.048828125 0.056640625
0 0.3271484375 0.1640625 0.041015625 0.02734375
