0 0.572265625 0.8828125 0.04296875 0.05078125
0 0.7216796875 0.84765625 0.056640625 0.05078125
0 0.724609375 0.78515625 0.05078125 0.05859375
0 0.5146484375 0.779296875 0.072265625 0.13671875
0 0.6513671875 0.6865234375 0.197265625 0.146484375
0 0.607421875 0.5625 0.0390625 0.03125
0 0.7216796875 0.546875 0.056640625 0.078125
0 0.55078125 0.4970703125 0.05859375 0.033203125
0 0.0166015625 0.42578125 0.033203125 0.10546875
0 0.6435546875 0.318359375 0.212890625 0.25390625
0 0.2919921875 0.5654296875 0.583984375 0.869140625
0 0.7041015625 0.1181640625 0.060546875 0.052734375
0 0.3701171875 0.0712890625 0.052734375 0.044921875
0 0.2158203125 0.068359375 0.044921875 0.05859375
0 0.1953125 0.0107421875 0.046875 0.021484375
