0 0.9970703125 0.673828125 0.005859375 0.02734375
0 0.8603515625 0.490234375 0.080078125 0.0703125
0 0.205078125 0.267578125 0.14453125 0.0546875
0 0.306640625 0.203125 0.04296875 0.046875
0 0.5732421875 0.1767578125 0.177734375 0.087890625
0 0.0126953125 0.154296875 0.025390625 0.04296875
0 0.5 0.564453125 1.0 0.87109375
0 0.05078125 0.1259765625 0.08203125 0.052734375
0 0.447265625 0.109375 0.0390625 0.04296875
0 0.853515625 0.0830078125 0.07421875 0.060546875
0 0.677734375 0.0673828125 0.08203125 0.087890625
0 0.7197265625 0.025390625 0.060546875 0.05078125
0 0.51953125 0.0517578125 0.1484375 0.103515625
0 0.2158203125 0.0751953125 0.369140625 0.150390625
