0 0.875 0.97265625 0.0625 0.0546875
0 0.7197265625 0.9619140625 0.044921875 0.056640625
0 0.896484375 0.9189453125 0.0546875 0.056640625
0 0.6875 0.841796875 0.08203125 0.13671875
0 0.83984375 0.8046875 0.203125 0.13671875
0 0.9453125 0.6904296875 0.06640625 0.076171875
0 0.8291015625 0.6630859375 0.037109375 0.037109375
0 0.7890625 0.583984375 0.05859375 0.03515625
0 0.015625 0.5302734375 0.03125 0.041015625
0 0.0126953125 0.4677734375 0.025390625 0.076171875
0 0.15625 0.4462890625 0.0625 0.060546875
0 0.033203125 0.34375 0.03515625 0.046875
0 0.8974609375 0.4345703125 0.205078125 0.236328125
0 0.248046875 0.3466796875 0.11328125 0.138671875
0 0.9970703125 0.2646484375 0.005859375 0.025390625
0 0.50390625 0.5810546875 0.77734375 0.759765625
0 0.712890625 0.12109375 0.046875 0.05859375
0 0.5693359375 0.072265625 0.048828125 0.05859375
0 0.55859375 0.013671875 0.046875 0.02734375
