0 0.9140625 0.8076171875 0.04296875 0.041015625
0 0.8505859375 0.59765625 0.091796875 0.06640625
0 0.9990234375 0.220703125 0.001953125 0.01171875
0 0.5 0.603515625 1.0 0.79296875
0 0.72265625 0.2294921875 0.15234375 0.115234375
0 0.3203125 0.2041015625 0.140625 0.064453125
0 0.4482421875 0.17578125 0.041015625 0.046875
0 0.869140625 0.166015625 0.0703125 0.09765625
0 0.625 0.134765625 0.04296875 0.04296875
0 0.927734375 0.1376953125 0.05078125 0.060546875
0 0.7333984375 0.0966796875 0.115234375 0.123046875
0 0.2392578125 0.037109375 0.080078125 0.046875
0 0.1376953125 0.0625 0.126953125 0.1171875
0 0.4814453125 0.06640625 0.244140625 0.1328125
