0 0.7255859375 0.767578125 0.029296875 0.03515625
0 0.830078125 0.744140625 0.0390625 0.03515625
0 0.83203125 0.7001953125 0.03515625 0.041015625
0 0.685546875 0.6953125 0.05078125 0.09765625
0 0.16796875 0.62109375 0.03515625 0.03515625
0 0.7802734375 0.630859375 0.138671875 0.1015625
0 0.1640625 0.580078125 0.02734375 0.05078125
0 0.75 0.54296875 0.02734375 0.0234375
0 0.2587890625 0.5341796875 0.044921875 0.041015625
0 0.830078125 0.533203125 0.0390625 0.0546875
0 0.7099609375 0.498046875 0.041015625 0.0234375
0 0.16015625 0.490234375 0.01953125 0.03515625
0 0.3076171875 0.4482421875 0.080078125 0.095703125
0 0.55078125 0.544921875 0.59765625 0.609375
0 0.818359375 0.232421875 0.04296875 0.03515625
0 0.5830078125 0.2001953125 0.037109375 0.033203125
0 0.4755859375 0.1982421875 0.029296875 0.041015625
0 0.4619140625 0.158203125 0.033203125 0.015625
