0 0.177734375 0.8828125 0.04296875 0.05078125
0 0.0283203125 0.84765625 0.056640625 0.05078125
0 0.025390625 0.78515625 0.05078125 0.05859375
0 0.2353515625 0.779296875 0.072265625 0.13671875
0 0.9736328125 0.671875 0.052734375 0.046875
0 0.0986328125 0.6865234375 0.197265625 0.146484375
0 0.98046875 0.615234375 0.0390625 0.07421875
0 0.142578125 0.5625 0.0390625 0.03125
0 0.845703125 0.5478515625 0.0625 0.056640625
0 0.0283203125 0.546875 0.056640625 0.078125
0 0.19921875 0.4970703125 0.05859375 0.033203125
0 0.984375 0.486328125 0.03125 0.05078125
0 0.7744140625 0.4248046875 0.115234375 0.138671875
0 0.1064453125 0.318359375 0.212890625 0.25390625
0 0.509765625 0.5654296875 0.6875 0.869140625
0 0.0458984375 0.1181640625 0.060546875 0.052734375
0 0.3798828125 0.0712890625 0.052734375 0.044921875
0 0.5341796875 0.068359375 0.044921875 0.05859375
0 0.5546875 0.0107421875 0.046875 0.021484375
