0 0.822265625 0.6328125 0.04296875 0.05078125
0 0.9716796875 0.59765625 0.056640625 0.05078125
0 0.974609375 0.53515625 0.05078125 0.05859375
0 0.7646484375 0.529296875 0.072265625 0.13671875
0 0.0263671875 0.421875 0.052734375 0.046875
0 0.9013671875 0.4365234375 0.197265625 0.146484375
0 0.01953125 0.365234375 0.0390625 0.07421875
0 0.857421875 0.3125 0.0390625 0.03125
0 0.154296875 0.2978515625 0.0625 0.056640625
0 0.9716796875 0.296875 0.056640625 0.078125
0 0.80078125 0.2470703125 0.05859375 0.033203125
0 0.015625 0.236328125 0.03125 0.05078125
0 0.2255859375 0.1748046875 0.115234375 0.138671875
0 0.8935546875 0.09765625 0.212890625 0.1953125
0 0.474609375 0.375 0.65625 0.75
