0 0.830078125 0.625 0.02734375 0.02734375
0 0.751953125 0.494140625 0.05859375 0.046875
0 0.33203125 0.3369140625 0.1015625 0.037109375
0 0.4150390625 0.2919921875 0.025390625 0.033203125
0 0.6064453125 0.2734375 0.115234375 0.0625
0 0.5 0.544921875 0.69921875 0.609375
0 0.1875 0.2822265625 0.07421875 0.091796875
0 0.248046875 0.23828125 0.05859375 0.03515625
0 0.525390625 0.2265625 0.02734375 0.02734375
0 0.8173828125 0.2080078125 0.052734375 0.044921875
0 0.6982421875 0.197265625 0.048828125 0.0625
0 0.7333984375 0.16796875 0.037109375 0.03515625
0 0.5908203125 0.1865234375 0.091796875 0.072265625
0 0.3759765625 0.2021484375 0.251953125 0.103515625
0 0.1708984375 0.173828125 0.041015625 0.046875
