0 0.4365234375 0.9765625 0.072265625 0.046875
0 0.7275390625 0.9716796875 0.052734375 0.056640625
0 0.05078125 0.8779296875 0.078125 0.064453125
0 0.2705078125 0.869140625 0.091796875 0.0625
0 0.31640625 0.814453125 0.0546875 0.03515625
0 0.220703125 0.798828125 0.0546875 0.0625
0 0.4140625 0.74609375 0.0625 0.05078125
0 0.296875 0.7568359375 0.0859375 0.076171875
0 0.5615234375 0.7978515625 0.119140625 0.169921875
0 0.0927734375 0.7451171875 0.091796875 0.103515625
0 0.4072265625 0.6416015625 0.103515625 0.064453125
0 0.302734375 0.5908203125 0.11328125 0.119140625
0 0.109375 0.49609375 0.0859375 0.1015625
0 0.1875 0.4609375 0.046875 0.046875
0 0.041015625 0.4697265625 0.08203125 0.095703125
0 0.9677734375 0.4638671875 0.064453125 0.087890625
0 0.3369140625 0.4560546875 0.154296875 0.154296875
0 0.1123046875 0.34375 0.044921875 0.03125
0 0.1650390625 0.30078125 0.044921875 0.04296875
0 0.6357421875 0.4951171875 0.548828125 0.482421875
0 0.0888671875 0.267578125 0.041015625 0.02734375
0 0.2607421875 0.25390625 0.037109375 0.03125
0 0.34375 0.236328125 0.04296875 0.03125
0 0.95703125 0.2490234375 0.06640625 0.068359375
0 0.6416015625 0.2109375 0.111328125 0.078125
0 0.2060546875 0.201171875 0.087890625 0.11328125
0 0.642578125 0.1328125 0.04296875 0.03125
0 0.853515625 0.11328125 0.078125 0.0625
0 0.7841796875 0.0771484375 0.072265625 0.025390625
0 0.6015625 0.08984375 0.05859375 0.05859375
0 0.376953125 0.076171875 0.125 0.078125
0 0.96875 0.0458984375 0.0625 0.091796875
0 0.7958984375 0.0283203125 0.076171875 0.056640625
0 0.4931640625 0.0380859375 0.146484375 0.076171875
0 0.2109375 0.013671875 0.06640625 0.02734375
