0 0.3134765625 0.9765625 0.072265625 0.046875
0 0.0244140625 0.9716796875 0.048828125 0.056640625
0 0.69921875 0.8779296875 0.078125 0.064453125
0 0.4794921875 0.869140625 0.091796875 0.0625
0 0.43359375 0.814453125 0.0546875 0.03515625
0 0.529296875 0.798828125 0.0546875 0.0625
0 0.3359375 0.74609375 0.0625 0.05078125
0 0.453125 0.7568359375 0.0859375 0.076171875
0 0.1884765625 0.7978515625 0.119140625 0.169921875
0 0.6572265625 0.7451171875 0.091796875 0.103515625
0 0.3427734375 0.6416015625 0.103515625 0.064453125
0 0.447265625 0.5908203125 0.11328125 0.119140625
0 0.640625 0.49609375 0.0859375 0.1015625
0 0.5625 0.4609375 0.046875 0.046875
0 0.708984375 0.4697265625 0.08203125 0.095703125
0 0.001953125 0.3994140625 0.00390625 0.009765625
0 0.4130859375 0.4560546875 0.154296875 0.154296875
0 0.6376953125 0.34375 0.044921875 0.03125
0 0.5849609375 0.30078125 0.044921875 0.04296875
0 0.6611328125 0.267578125 0.041015625 0.02734375
0 0.1943359375 0.4951171875 0.388671875 0.482421875
0 0.4892578125 0.25390625 0.037109375 0.03125
0 0.40625 0.236328125 0.04296875 0.03125
0 0.1083984375 0.2109375 0.111328125 0.078125
0 0.5439453125 0.201171875 0.087890625 0.11328125
0 0.107421875 0.1328125 0.04296875 0.03125
0 0.0009765625 0.0830078125 0.001953125 0.001953125
0 0.1484375 0.08984375 0.05859375 0.05859375
0 0.373046875 0.076171875 0.125 0.078125
0 0.5390625 0.013671875 0.06640625 0.02734375
0 0.2568359375 0.0380859375 0.146484375 0.076171875
