0 0.544921875 0.833984375 0.05078125 0.03125
0 0.3408203125 0.830078125 0.037109375 0.0390625
0 0.814453125 0.763671875 0.0546875 0.04296875
0 0.6611328125 0.7578125 0.064453125 0.04296875
0 0.62890625 0.7197265625 0.0390625 0.025390625
0 0.6962890625 0.708984375 0.037109375 0.04296875
0 0.560546875 0.671875 0.04296875 0.03515625
0 0.6435546875 0.6787109375 0.060546875 0.052734375
0 0.4560546875 0.7080078125 0.083984375 0.119140625
0 0.78515625 0.671875 0.06640625 0.0703125
0 0.5654296875 0.599609375 0.072265625 0.04296875
0 0.6376953125 0.5634765625 0.080078125 0.083984375
0 0.7724609375 0.4970703125 0.060546875 0.068359375
0 0.71875 0.4716796875 0.03515625 0.033203125
0 0.8212890625 0.478515625 0.056640625 0.06640625
0 0.1728515625 0.474609375 0.044921875 0.0625
0 0.6142578125 0.46875 0.107421875 0.109375
0 0.771484375 0.3916015625 0.03125 0.021484375
0 0.734375 0.361328125 0.03125 0.03125
0 0.7880859375 0.337890625 0.029296875 0.01953125
0 0.4052734375 0.4970703125 0.384765625 0.337890625
0 0.66796875 0.3271484375 0.0234375 0.021484375
0 0.609375 0.3154296875 0.03125 0.021484375
0 0.1796875 0.32421875 0.046875 0.046875
0 0.4013671875 0.296875 0.076171875 0.0546875
0 0.7060546875 0.2900390625 0.060546875 0.080078125
0 0.3994140625 0.2431640625 0.029296875 0.021484375
0 0.2529296875 0.228515625 0.056640625 0.04296875
0 0.30078125 0.203125 0.046875 0.01953125
0 0.427734375 0.212890625 0.0390625 0.04296875
0 0.5869140625 0.2041015625 0.087890625 0.056640625
0 0.7021484375 0.16015625 0.048828125 0.01953125
0 0.50390625 0.1767578125 0.1015625 0.052734375
0 0.29296875 0.169921875 0.0546875 0.0390625
0 0.1728515625 0.1826171875 0.044921875 0.064453125
