0 0.5634765625 0.9765625 0.072265625 0.046875
0 0.2724609375 0.9716796875 0.052734375 0.056640625
0 0.94921875 0.8779296875 0.078125 0.064453125
0 0.7294921875 0.869140625 0.091796875 0.0625
0 0.68359375 0.814453125 0.0546875 0.03515625
0 0.779296875 0.798828125 0.0546875 0.0625
0 0.5859375 0.74609375 0.0625 0.05078125
0 0.703125 0.7568359375 0.0859375 0.076171875
0 0.4384765625 0.7978515625 0.119140625 0.169921875
0 0.9072265625 0.7451171875 0.091796875 0.103515625
0 0.5927734375 0.6416015625 0.103515625 0.064453125
0 0.697265625 0.5908203125 0.11328125 0.119140625
0 0.890625 0.49609375 0.0859375 0.1015625
0 0.8125 0.4609375 0.046875 0.046875
0 0.958984375 0.4697265625 0.08203125 0.095703125
0 0.0322265625 0.4638671875 0.064453125 0.087890625
0 0.6630859375 0.4560546875 0.154296875 0.154296875
0 0.8876953125 0.34375 0.044921875 0.03125
0 0.8349609375 0.30078125 0.044921875 0.04296875
0 0.9111328125 0.267578125 0.041015625 0.02734375
0 0.3642578125 0.4951171875 0.548828125 0.482421875
0 0.7392578125 0.25390625 0.037109375 0.03125
0 0.65625 0.236328125 0.04296875 0.03125
0 0.04296875 0.2490234375 0.06640625 0.068359375
0 0.3583984375 0.2109375 0.111328125 0.078125
0 0.7939453125 0.201171875 0.087890625 0.11328125
0 0.357421875 0.1328125 0.04296875 0.03125
0 0.146484375 0.11328125 0.078125 0.0625
0 0.2158203125 0.0771484375 0.072265625 0.025390625
0 0.3984375 0.08984375 0.05859375 0.05859375
0 0.623046875 0.076171875 0.125 0.078125
0 0.7890625 0.013671875 0.06640625 0.02734375
0 0.5068359375 0.0380859375 0.146484375 0.076171875
0 0.2041015625 0.0283203125 0.076171875 0.056640625
0 0.03125 0.0458984375 0.0625 0.091796875
