0 0.814453125 0.9873046875 0.1015625 0.025390625
0 0.7568359375 0.939453125 0.076171875 0.05078125
0 0.890625 0.919921875 0.078125 0.0859375
0 0.6201171875 0.8447265625 0.087890625 0.072265625
0 0.7841796875 0.859375 0.119140625 0.10546875
0 0.4140625 0.8984375 0.16796875 0.203125
0 0.62890625 0.69921875 0.14453125 0.08984375
0 0.7763671875 0.6279296875 0.158203125 0.166015625
0 0.994140625 0.478515625 0.01171875 0.0859375
0 0.9375 0.4462890625 0.0625 0.064453125
0 0.728515625 0.439453125 0.21875 0.21875
0 0.96875 0.220703125 0.0625 0.05859375
0 0.34765625 0.4931640625 0.6953125 0.673828125
0 0.8359375 0.15625 0.05078125 0.04296875
0 0.71875 0.1298828125 0.0625 0.044921875
0 0.302734375 0.0947265625 0.15625 0.111328125
0 0.9111328125 0.08203125 0.123046875 0.16015625
0 0.2998046875 0.00390625 0.060546875 0.0078125
0 0.005859375 0.0009765625 0.01171875 0.001953125
