0 0.5634765625 0.7265625 0.072265625 0.046875
0 0.2724609375 0.7216796875 0.052734375 0.056640625
0 0.94921875 0.6279296875 0.078125 0.064453125
0 0.7294921875 0.619140625 0.091796875 0.0625
0 0.68359375 0.564453125 0.0546875 0.03515625
0 0.779296875 0.548828125 0.0546875 0.0625
0 0.5859375 0.49609375 0.0625 0.05078125
0 0.703125 0.5068359375 0.0859375 0.076171875
0 0.4384765625 0.5478515625 0.119140625 0.169921875
0 0.9072265625 0.4951171875 0.091796875 0.103515625
0 0.5927734375 0.3916015625 0.103515625 0.064453125
0 0.697265625 0.3408203125 0.11328125 0.119140625
0 0.890625 0.24609375 0.0859375 0.1015625
0 0.8125 0.2109375 0.046875 0.046875
0 0.958984375 0.2197265625 0.08203125 0.095703125
0 0.0322265625 0.2138671875 0.064453125 0.087890625
0 0.6630859375 0.2060546875 0.154296875 0.154296875
0 0.8876953125 0.09375 0.044921875 0.03125
0 0.8349609375 0.05078125 0.044921875 0.04296875
0 0.9111328125 0.017578125 0.041015625 0.02734375
0 0.3642578125 0.2451171875 0.548828125 0.482421875
0 0.7861328125 0.00390625 0.033203125 0.0078125
0 0.7392578125 0.009765625 0.037109375 0.01953125
0 0.65234375 0.0009765625 0.03515625 0.001953125
0 0.04296875 0.0166015625 0.06640625 0.033203125
