0 0.8388671875 0.978515625 0.052734375 0.04296875
0 0.451171875 0.9765625 0.0703125 0.046875
0 0.634765625 0.9267578125 0.0859375 0.076171875
0 0.16796875 0.892578125 0.046875 0.0625
0 0.6982421875 0.8701171875 0.052734375 0.064453125
0 0.603515625 0.8564453125 0.05859375 0.041015625
0 0.8427734375 0.8583984375 0.095703125 0.099609375
0 0.6376953125 0.8056640625 0.076171875 0.091796875
0 0.5283203125 0.765625 0.064453125 0.04296875
0 0.375 0.765625 0.10546875 0.1640625
0 0.5595703125 0.6640625 0.103515625 0.05859375
0 0.666015625 0.6484375 0.09765625 0.140625
0 0.953125 0.609375 0.08203125 0.10546875
0 0.8759765625 0.609375 0.080078125 0.10546875
0 0.8115234375 0.552734375 0.048828125 0.05078125
0 0.91015625 0.4609375 0.04296875 0.0390625
0 0.66796875 0.5029296875 0.1484375 0.181640625
0 0.869140625 0.4072265625 0.05078125 0.037109375
0 0.9501953125 0.3974609375 0.041015625 0.029296875
0 0.7861328125 0.330078125 0.037109375 0.03125
0 0.0546875 0.3212890625 0.078125 0.087890625
0 0.7099609375 0.291015625 0.044921875 0.0390625
0 0.34375 0.4736328125 0.54296875 0.431640625
0 0.8544921875 0.2939453125 0.099609375 0.107421875
0 0.42578125 0.177734375 0.1171875 0.07421875
0 0.8935546875 0.1142578125 0.068359375 0.041015625
0 0.11328125 0.123046875 0.0703125 0.0703125
0 0.4453125 0.1044921875 0.04296875 0.037109375
0 0.71484375 0.125 0.125 0.09375
0 0.49609375 0.0693359375 0.05859375 0.064453125
0 0.61328125 0.05078125 0.14453125 0.06640625
0 0.32421875 0.013671875 0.06640625 0.02734375
0 0.24609375 0.0283203125 0.078125 0.056640625
