0 0.6796875 0.9765625 0.078125 0.046875
0 0.388671875 0.9716796875 0.05859375 0.056640625
0 0.9990234375 0.8642578125 0.001953125 0.001953125
0 0.8212890625 0.869140625 0.095703125 0.0625
0 0.759765625 0.814453125 0.0546875 0.03515625
0 0.8544921875 0.798828125 0.060546875 0.0625
0 0.6455078125 0.74609375 0.060546875 0.05078125
0 0.765625 0.7568359375 0.09765625 0.076171875
0 0.505859375 0.7978515625 0.13671875 0.169921875
0 0.9580078125 0.7451171875 0.083984375 0.103515625
0 0.625 0.6416015625 0.10546875 0.064453125
0 0.72265625 0.5908203125 0.1328125 0.119140625
0 0.8896484375 0.49609375 0.095703125 0.1015625
0 0.8046875 0.4609375 0.05078125 0.046875
0 0.953125 0.46875 0.09375 0.09375
0 0.0283203125 0.46484375 0.056640625 0.0859375
0 0.6533203125 0.4560546875 0.166015625 0.154296875
0 0.8525390625 0.34375 0.048828125 0.03125
0 0.7861328125 0.30078125 0.044921875 0.04296875
0 0.8583984375 0.267578125 0.041015625 0.02734375
0 0.3720703125 0.4951171875 0.572265625 0.482421875
0 0.009765625 0.25390625 0.01953125 0.01953125
0 0.6787109375 0.25390625 0.037109375 0.03125
0 0.5947265625 0.236328125 0.044921875 0.03125
0 0.29296875 0.2109375 0.10546875 0.078125
0 0.720703125 0.201171875 0.078125 0.11328125
0 0.271484375 0.1328125 0.046875 0.03125
0 0.0537109375 0.11328125 0.083984375 0.0625
0 0.115234375 0.0771484375 0.07421875 0.025390625
0 0.2998046875 0.08984375 0.056640625 0.05859375
0 0.521484375 0.076171875 0.1328125 0.078125
0 0.6728515625 0.013671875 0.068359375 0.02734375
0 0.3955078125 0.0380859375 0.146484375 0.076171875
0 0.091796875 0.0283203125 0.078125 0.056640625
