0 0.390625 0.99609375 0.0234375 0.0078125
0 0.671875 0.9443359375 0.07421875 0.048828125
0 0.8095703125 0.7880859375 0.091796875 0.056640625
0 0.75 0.7509765625 0.0546875 0.041015625
0 0.505859375 0.80859375 0.1328125 0.171875
0 0.990234375 0.7236328125 0.01953125 0.033203125
0 0.8408203125 0.7099609375 0.056640625 0.060546875
0 0.6396484375 0.7099609375 0.056640625 0.060546875
0 0.755859375 0.6884765625 0.09375 0.060546875
0 0.6220703125 0.609375 0.099609375 0.07421875
0 0.9462890625 0.61328125 0.087890625 0.1015625
0 0.0361328125 0.60546875 0.072265625 0.09375
0 0.71484375 0.52734375 0.12890625 0.09375
0 0.017578125 0.3896484375 0.03515625 0.072265625
0 0.7939453125 0.3720703125 0.052734375 0.044921875
0 0.646484375 0.4130859375 0.16015625 0.126953125
0 0.875 0.384765625 0.09375 0.09375
0 0.9384765625 0.333984375 0.095703125 0.09375
0 0.376953125 0.5341796875 0.5546875 0.552734375
0 0.298828125 0.2705078125 0.10546875 0.087890625
0 0.8408203125 0.2373046875 0.044921875 0.033203125
0 0.0693359375 0.2275390625 0.080078125 0.064453125
0 0.7763671875 0.2119140625 0.044921875 0.052734375
0 0.5927734375 0.201171875 0.044921875 0.04296875
0 0.673828125 0.1943359375 0.03515625 0.037109375
0 0.279296875 0.1884765625 0.04296875 0.033203125
0 0.12890625 0.1767578125 0.0703125 0.033203125
0 0.8447265625 0.1572265625 0.041015625 0.033203125
0 0.306640625 0.13671875 0.0546875 0.05859375
0 0.103515625 0.1279296875 0.07421875 0.068359375
0 0.712890625 0.1279296875 0.07421875 0.119140625
0 0.5205078125 0.0576171875 0.126953125 0.087890625
0 0.3984375 0.052734375 0.140625 0.1015625
