0 0.615234375 0.677734375 0.04296875 0.02734375
0 0.171875 0.552734375 0.05078125 0.0390625
0 0.4970703125 0.537109375 0.037109375 0.015625
0 0.775390625 0.509765625 0.046875 0.0234375
0 0.5869140625 0.462890625 0.048828125 0.0234375
0 0.814453125 0.4384765625 0.03515625 0.021484375
0 0.9599609375 0.4306640625 0.029296875 0.013671875
0 0.88671875 0.43359375 0.0390625 0.0234375
0 0.5029296875 0.4248046875 0.041015625 0.025390625
0 0.17578125 0.41796875 0.046875 0.03125
0 0.1162109375 0.3837890625 0.068359375 0.033203125
0 0.7041015625 0.3740234375 0.060546875 0.025390625
0 0.1494140625 0.3525390625 0.037109375 0.021484375
0 0.875 0.33984375 0.08984375 0.05078125
0 0.263671875 0.3154296875 0.046875 0.029296875
0 0.1806640625 0.2900390625 0.041015625 0.017578125
0 0.04296875 0.279296875 0.07421875 0.04296875
0 0.8583984375 0.26171875 0.048828125 0.0234375
0 0.5048828125 0.2646484375 0.037109375 0.033203125
0 0.76171875 0.2802734375 0.05859375 0.076171875
0 0.7119140625 0.2451171875 0.033203125 0.017578125
0 0.849609375 0.1533203125 0.02734375 0.021484375
0 0.7939453125 0.162109375 0.041015625 0.0390625
0 0.734375 0.1318359375 0.0390625 0.029296875
0 0.80078125 0.1220703125 0.07421875 0.033203125
0 0.84765625 0.0927734375 0.0234375 0.017578125
0 0.537109375 0.0849609375 0.04296875 0.021484375
0 0.126953125 0.09765625 0.10546875 0.05078125
0 0.982421875 0.07421875 0.03515625 0.01953125
0 0.79296875 0.0810546875 0.1015625 0.033203125
0 0.306640625 0.0869140625 0.08203125 0.048828125
0 0.4326171875 0.07421875 0.044921875 0.03125
0 0.26171875 0.068359375 0.0234375 0.01953125
0 0.556640625 0.064453125 0.02734375 0.01953125
0 0.470703125 0.06640625 0.02734375 0.0234375
0 0.0146484375 0.05078125 0.029296875 0.03515625
0 0.6962890625 0.0361328125 0.044921875 0.037109375
0 0.0771484375 0.03125 0.099609375 0.046875
0 0.6357421875 0.0625 0.146484375 0.1171875
0 0.208984375 0.0234375 0.05859375 0.04296875
0 0.9658203125 0.0087890625 0.068359375 0.017578125
0 0.869140625 0.0107421875 0.02734375 0.021484375
0 0.7783203125 0.01953125 0.107421875 0.0390625
0 0.6591796875 0.0068359375 0.048828125 0.013671875
0 0.443359375 0.03125 0.21875 0.0625
0 0.2763671875 0.009765625 0.056640625 0.01953125
