0 0.0400390625 0.923828125 0.068359375 0.05078125
0 0.49609375 0.90234375 0.0546875 0.01953125
0 0.884765625 0.8623046875 0.06640625 0.037109375
0 0.6220703125 0.7978515625 0.068359375 0.033203125
0 0.939453125 0.7646484375 0.05078125 0.029296875
0 0.5029296875 0.7451171875 0.056640625 0.037109375
0 0.0458984375 0.7353515625 0.068359375 0.044921875
0 0.0048828125 0.7001953125 0.009765625 0.021484375
0 0.7841796875 0.6728515625 0.083984375 0.033203125
0 0.017578125 0.64453125 0.03515625 0.03125
0 0.9814453125 0.62890625 0.037109375 0.06640625
0 0.16796875 0.5908203125 0.06640625 0.041015625
0 0.0537109375 0.556640625 0.056640625 0.0234375
0 0.984375 0.51953125 0.03125 0.02734375
0 0.505859375 0.521484375 0.05078125 0.046875
0 0.865234375 0.5419921875 0.08203125 0.107421875
0 0.796875 0.4931640625 0.046875 0.025390625
0 0.984375 0.3642578125 0.03125 0.033203125
0 0.9111328125 0.3759765625 0.056640625 0.056640625
0 0.828125 0.3349609375 0.0546875 0.037109375
0 0.0009765625 0.3095703125 0.001953125 0.005859375
0 0.9208984375 0.3212890625 0.103515625 0.044921875
0 0.984375 0.2802734375 0.03125 0.025390625
0 0.0263671875 0.2890625 0.052734375 0.04296875
0 0.552734375 0.2685546875 0.05859375 0.029296875
0 0.91015625 0.263671875 0.140625 0.046875
0 0.23046875 0.271484375 0.11328125 0.0703125
0 0.40625 0.25390625 0.0625 0.04296875
0 0.166015625 0.24609375 0.03125 0.02734375
0 0.5791015625 0.240234375 0.037109375 0.02734375
0 0.4580078125 0.2431640625 0.037109375 0.033203125
0 0.7734375 0.201171875 0.0625 0.05078125
0 0.9990234375 0.169921875 0.001953125 0.01171875
0 0.6904296875 0.23828125 0.205078125 0.1640625
0 0.0927734375 0.1826171875 0.080078125 0.060546875
0 0.1875 0.1640625 0.078125 0.02734375
0 0.8896484375 0.1767578125 0.150390625 0.056640625
0 0.8896484375 0.12890625 0.083984375 0.04296875
0 0.98046875 0.0966796875 0.0390625 0.044921875
0 0.5126953125 0.1181640625 0.490234375 0.236328125
