0 0.51171875 0.9482421875 0.04296875 0.029296875
0 0.7041015625 0.8291015625 0.044921875 0.033203125
0 0.9013671875 0.80859375 0.029296875 0.01953125
0 0.830078125 0.7900390625 0.0390625 0.029296875
0 0.4287109375 0.77734375 0.037109375 0.01953125
0 0.7578125 0.775390625 0.03515625 0.0234375
0 0.5341796875 0.73046875 0.048828125 0.02734375
0 0.111328125 0.6982421875 0.046875 0.048828125
0 0.83984375 0.693359375 0.08984375 0.05078125
0 0.6669921875 0.6787109375 0.060546875 0.029296875
0 0.4619140625 0.6708984375 0.037109375 0.029296875
0 0.8427734375 0.619140625 0.044921875 0.03125
0 0.7451171875 0.6044921875 0.052734375 0.087890625
0 0.146484375 0.572265625 0.046875 0.03515625
0 0.705078125 0.5576171875 0.03125 0.025390625
0 0.857421875 0.5078125 0.02734375 0.0234375
0 0.4990234375 0.515625 0.033203125 0.0390625
0 0.0966796875 0.5185546875 0.064453125 0.048828125
0 0.13671875 0.498046875 0.0390625 0.0234375
0 0.8037109375 0.5009765625 0.044921875 0.033203125
0 0.255859375 0.4951171875 0.05078125 0.025390625
0 0.9951171875 0.4619140625 0.009765625 0.013671875
0 0.8173828125 0.466796875 0.072265625 0.0390625
0 0.873046875 0.4501953125 0.0234375 0.021484375
0 0.751953125 0.453125 0.0390625 0.02734375
0 0.181640625 0.4453125 0.04296875 0.01953125
0 0.8212890625 0.4169921875 0.099609375 0.037109375
0 0.0498046875 0.392578125 0.076171875 0.04296875
0 0.912109375 0.375 0.03125 0.0234375
0 0.57421875 0.349609375 0.04296875 0.0234375
0 0.8203125 0.357421875 0.10546875 0.046875
0 0.73828125 0.3486328125 0.04296875 0.037109375
0 0.59765625 0.3388671875 0.02734375 0.021484375
0 0.9033203125 0.3212890625 0.044921875 0.029296875
0 0.830078125 0.322265625 0.0625 0.03125
0 0.5146484375 0.3154296875 0.025390625 0.025390625
0 0.6708984375 0.361328125 0.126953125 0.13671875
0 0.4755859375 0.310546875 0.044921875 0.03515625
0 0.3515625 0.2890625 0.0859375 0.05078125
0 0.966796875 0.3330078125 0.06640625 0.146484375
0 0.3125 0.25390625 0.0234375 0.01953125
0 0.1748046875 0.244140625 0.099609375 0.05859375
0 0.3388671875 0.201171875 0.056640625 0.02734375
0 0.26953125 0.197265625 0.05859375 0.04296875
0 0.5615234375 0.23828125 0.345703125 0.171875
0 0.142578125 0.166015625 0.1015625 0.03515625
0 0.07421875 0.166015625 0.02734375 0.0390625
