0 0.5810546875 0.7998046875 0.029296875 0.021484375
0 0.2685546875 0.7119140625 0.033203125 0.029296875
0 0.498046875 0.7001953125 0.0234375 0.009765625
0 0.693359375 0.6806640625 0.03125 0.017578125
0 0.560546875 0.6494140625 0.03125 0.013671875
0 0.7197265625 0.6318359375 0.025390625 0.017578125
0 0.8203125 0.626953125 0.01953125 0.01171875
0 0.771484375 0.62890625 0.02734375 0.01953125
0 0.501953125 0.623046875 0.02734375 0.01953125
0 0.2724609375 0.6171875 0.033203125 0.0234375
0 0.2314453125 0.59375 0.048828125 0.0234375
0 0.642578125 0.5869140625 0.04296875 0.017578125
0 0.25390625 0.572265625 0.02734375 0.015625
0 0.76171875 0.5634765625 0.0625 0.037109375
0 0.3349609375 0.5458984375 0.033203125 0.021484375
0 0.2763671875 0.52734375 0.029296875 0.01171875
0 0.1796875 0.5205078125 0.05078125 0.029296875
0 0.7509765625 0.5078125 0.033203125 0.015625
0 0.5029296875 0.509765625 0.025390625 0.0234375
0 0.6826171875 0.521484375 0.041015625 0.0546875
0 0.6474609375 0.49609375 0.025390625 0.01171875
0 0.7451171875 0.431640625 0.017578125 0.015625
0 0.705078125 0.4375 0.02734375 0.02734375
0 0.6640625 0.41796875 0.02734375 0.01953125
0 0.7109375 0.4111328125 0.05078125 0.021484375
0 0.744140625 0.390625 0.015625 0.01171875
0 0.525390625 0.384765625 0.03125 0.015625
0 0.2392578125 0.39453125 0.076171875 0.03515625
0 0.8369140625 0.376953125 0.025390625 0.015625
0 0.705078125 0.3818359375 0.0703125 0.025390625
0 0.3642578125 0.3857421875 0.056640625 0.037109375
0 0.3330078125 0.373046875 0.017578125 0.015625
0 0.5400390625 0.369140625 0.017578125 0.015625
0 0.4638671875 0.375 0.052734375 0.02734375
0 0.16015625 0.359375 0.01953125 0.0234375
0 0.63671875 0.349609375 0.03125 0.0234375
0 0.2041015625 0.345703125 0.072265625 0.03125
0 0.595703125 0.369140625 0.1015625 0.08203125
0 0.296875 0.3408203125 0.0390625 0.029296875
0 0.7578125 0.33203125 0.01953125 0.015625
0 0.6943359375 0.3388671875 0.076171875 0.029296875
0 0.34375 0.3310546875 0.04296875 0.013671875
0 0.6953125 0.314453125 0.04296875 0.01953125
0 0.7451171875 0.298828125 0.029296875 0.0234375
0 0.5068359375 0.30078125 0.244140625 0.1328125
0 0.80859375 0.2802734375 0.08203125 0.115234375
