0 0.615234375 0.927734375 0.04296875 0.02734375
0 0.171875 0.802734375 0.05078125 0.0390625
0 0.4970703125 0.787109375 0.037109375 0.015625
0 0.775390625 0.759765625 0.046875 0.0234375
0 0.5869140625 0.712890625 0.048828125 0.0234375
0 0.814453125 0.6884765625 0.03515625 0.021484375
0 0.9599609375 0.6806640625 0.029296875 0.013671875
0 0.88671875 0.68359375 0.0390625 0.0234375
0 0.5029296875 0.6748046875 0.041015625 0.025390625
0 0.17578125 0.66796875 0.046875 0.03125
0 0.1162109375 0.6337890625 0.068359375 0.033203125
0 0.7041015625 0.6240234375 0.060546875 0.025390625
0 0.1494140625 0.6025390625 0.037109375 0.021484375
0 0.875 0.58984375 0.08984375 0.05078125
0 0.263671875 0.5654296875 0.046875 0.029296875
0 0.1806640625 0.5400390625 0.041015625 0.017578125
0 0.04296875 0.529296875 0.07421875 0.04296875
0 0.8583984375 0.51171875 0.048828125 0.0234375
0 0.5048828125 0.5146484375 0.037109375 0.033203125
0 0.76171875 0.5302734375 0.05859375 0.076171875
0 0.7119140625 0.4951171875 0.033203125 0.017578125
0 0.849609375 0.4033203125 0.02734375 0.021484375
0 0.7939453125 0.412109375 0.041015625 0.0390625
0 0.734375 0.3818359375 0.0390625 0.029296875
0 0.80078125 0.3720703125 0.07421875 0.033203125
0 0.84765625 0.3427734375 0.0234375 0.017578125
0 0.537109375 0.3349609375 0.04296875 0.021484375
0 0.126953125 0.34765625 0.10546875 0.05078125
0 0.982421875 0.32421875 0.03515625 0.01953125
0 0.79296875 0.3310546875 0.1015625 0.033203125
0 0.306640625 0.3369140625 0.08203125 0.048828125
0 0.4326171875 0.32421875 0.044921875 0.03125
0 0.26171875 0.318359375 0.0234375 0.01953125
0 0.556640625 0.314453125 0.02734375 0.01953125
0 0.470703125 0.31640625 0.02734375 0.0234375
0 0.0146484375 0.30078125 0.029296875 0.03515625
0 0.6962890625 0.2861328125 0.044921875 0.037109375
0 0.0771484375 0.28125 0.099609375 0.046875
0 0.6357421875 0.3125 0.146484375 0.1171875
0 0.208984375 0.2734375 0.05859375 0.04296875
0 0.2763671875 0.259765625 0.056640625 0.01953125
0 0.869140625 0.259765625 0.02734375 0.0234375
0 0.7783203125 0.2685546875 0.107421875 0.041015625
0 0.7783203125 0.2353515625 0.060546875 0.029296875
0 0.8486328125 0.2119140625 0.041015625 0.033203125
0 0.5087890625 0.2158203125 0.349609375 0.193359375
0 0.94140625 0.185546875 0.1171875 0.1640625
