0 0.7197265625 0.927734375 0.044921875 0.02734375
0 0.2470703125 0.802734375 0.052734375 0.0390625
0 0.5673828125 0.787109375 0.037109375 0.015625
0 0.8388671875 0.7587890625 0.048828125 0.025390625
0 0.638671875 0.712890625 0.046875 0.0234375
0 0.861328125 0.6884765625 0.03515625 0.021484375
0 0.994140625 0.6806640625 0.01171875 0.013671875
0 0.9326171875 0.68359375 0.041015625 0.0234375
0 0.546875 0.6748046875 0.04296875 0.025390625
0 0.21875 0.66796875 0.05078125 0.03125
0 0.1494140625 0.6337890625 0.072265625 0.033203125
0 0.734375 0.6240234375 0.0625 0.025390625
0 0.1748046875 0.6025390625 0.037109375 0.021484375
0 0.8974609375 0.58984375 0.087890625 0.05078125
0 0.28125 0.5654296875 0.04296875 0.029296875
0 0.1923828125 0.5400390625 0.041015625 0.017578125
0 0.052734375 0.529296875 0.07421875 0.04296875
0 0.8623046875 0.51171875 0.048828125 0.0234375
0 0.509765625 0.5146484375 0.04296875 0.033203125
0 0.7685546875 0.5302734375 0.068359375 0.076171875
0 0.7119140625 0.4951171875 0.037109375 0.017578125
0 0.828125 0.4033203125 0.02734375 0.021484375
0 0.7734375 0.412109375 0.04296875 0.0390625
0 0.70703125 0.3818359375 0.0390625 0.029296875
0 0.7734375 0.3720703125 0.07421875 0.033203125
0 0.8115234375 0.3427734375 0.021484375 0.017578125
0 0.498046875 0.3349609375 0.04296875 0.021484375
0 0.091796875 0.34765625 0.109375 0.05078125
0 0.94140625 0.32421875 0.0390625 0.01953125
0 0.75390625 0.3310546875 0.09765625 0.033203125
0 0.267578125 0.3369140625 0.078125 0.048828125
0 0.390625 0.32421875 0.046875 0.03125
0 0.21875 0.318359375 0.0234375 0.01953125
0 0.513671875 0.314453125 0.02734375 0.01953125
0 0.4267578125 0.31640625 0.029296875 0.0234375
0 0.64453125 0.2861328125 0.05078125 0.037109375
0 0.0361328125 0.27734375 0.072265625 0.0390625
0 0.5947265625 0.3125 0.166015625 0.1171875
0 0.1552734375 0.2734375 0.060546875 0.04296875
0 0.2197265625 0.259765625 0.056640625 0.01953125
0 0.810546875 0.259765625 0.0234375 0.0234375
0 0.724609375 0.2685546875 0.109375 0.041015625
0 0.716796875 0.2353515625 0.05859375 0.029296875
0 0.7822265625 0.2119140625 0.041015625 0.033203125
0 0.455078125 0.2158203125 0.34375 0.193359375
0 0.8779296875 0.185546875 0.130859375 0.1640625
