0 0.365234375 0.927734375 0.04296875 0.02734375
0 0.2470703125 0.787109375 0.037109375 0.015625
0 0.525390625 0.759765625 0.046875 0.0234375
0 0.3369140625 0.712890625 0.048828125 0.0234375
0 0.564453125 0.6884765625 0.03515625 0.021484375
0 0.7099609375 0.6806640625 0.029296875 0.013671875
0 0.63671875 0.68359375 0.0390625 0.0234375
0 0.2529296875 0.6748046875 0.041015625 0.025390625
0 0.4541015625 0.6240234375 0.060546875 0.025390625
0 0.625 0.58984375 0.08984375 0.05078125
0 0.0185546875 0.5654296875 0.037109375 0.029296875
0 0.6083984375 0.51171875 0.048828125 0.0234375
0 0.2548828125 0.5146484375 0.037109375 0.033203125
0 0.51171875 0.5302734375 0.05859375 0.076171875
0 0.4619140625 0.4951171875 0.033203125 0.017578125
0 0.599609375 0.4033203125 0.02734375 0.021484375
0 0.5439453125 0.412109375 0.041015625 0.0390625
0 0.484375 0.3818359375 0.0390625 0.029296875
0 0.55078125 0.3720703125 0.07421875 0.033203125
0 0.59765625 0.3427734375 0.0234375 0.017578125
0 0.287109375 0.3349609375 0.04296875 0.021484375
0 0.732421875 0.32421875 0.03515625 0.01953125
0 0.54296875 0.3310546875 0.1015625 0.033203125
0 0.056640625 0.3369140625 0.08203125 0.048828125
0 0.1826171875 0.32421875 0.044921875 0.03125
0 0.01171875 0.318359375 0.0234375 0.01953125
0 0.306640625 0.314453125 0.02734375 0.01953125
0 0.220703125 0.31640625 0.02734375 0.0234375
0 0.4462890625 0.2861328125 0.044921875 0.037109375
0 0.3857421875 0.3125 0.146484375 0.1171875
0 0.02734375 0.259765625 0.0546875 0.01953125
0 0.619140625 0.259765625 0.02734375 0.0234375
0 0.5283203125 0.2685546875 0.107421875 0.041015625
0 0.5283203125 0.2353515625 0.060546875 0.029296875
0 0.5986328125 0.2119140625 0.041015625 0.033203125
0 0.2587890625 0.2158203125 0.349609375 0.193359375
0 0.69140625 0.185546875 0.1171875 0.1640625
