0 0.255859375 0.8896484375 0.05078125 0.041015625
0 0.712890625 0.8798828125 0.04296875 0.033203125
0 0.5634765625 0.7783203125 0.037109375 0.021484375
0 0.2275390625 0.7578125 0.048828125 0.0390625
0 0.16015625 0.7431640625 0.0703125 0.029296875
0 0.185546875 0.7021484375 0.03515625 0.029296875
0 0.6328125 0.6806640625 0.046875 0.029296875
0 0.826171875 0.6728515625 0.046875 0.025390625
0 0.5439453125 0.6689453125 0.041015625 0.025390625
0 0.0673828125 0.6650390625 0.072265625 0.048828125
0 0.201171875 0.6328125 0.0390625 0.0234375
0 0.2880859375 0.6318359375 0.044921875 0.037109375
0 0.84765625 0.591796875 0.03515625 0.02734375
0 0.91796875 0.56640625 0.0390625 0.02734375
0 0.7265625 0.5615234375 0.05859375 0.033203125
0 0.984375 0.5419921875 0.03125 0.021484375
0 0.5087890625 0.513671875 0.041015625 0.03125
0 0.0009765625 0.4560546875 0.001953125 0.001953125
0 0.884765625 0.48046875 0.0859375 0.0625
0 0.10546875 0.4638671875 0.10546875 0.056640625
0 0.703125 0.4326171875 0.03515625 0.017578125
0 0.7587890625 0.4521484375 0.068359375 0.064453125
0 0.8486328125 0.4052734375 0.048828125 0.029296875
0 0.228515625 0.3935546875 0.0234375 0.025390625
0 0.0439453125 0.4130859375 0.087890625 0.064453125
0 0.2744140625 0.3974609375 0.076171875 0.064453125
0 0.1669921875 0.3671875 0.060546875 0.05078125
0 0.39453125 0.349609375 0.04296875 0.03515625
0 0.4296875 0.3310546875 0.02734375 0.025390625
0 0.228515625 0.333984375 0.05859375 0.03125
0 0.4970703125 0.3310546875 0.041015625 0.029296875
0 0.7626953125 0.3310546875 0.041015625 0.044921875
0 0.69921875 0.3203125 0.0390625 0.02734375
0 0.8154296875 0.3056640625 0.025390625 0.021484375
0 0.51171875 0.302734375 0.02734375 0.01953125
0 0.7626953125 0.29296875 0.072265625 0.04296875
0 0.7998046875 0.2470703125 0.021484375 0.021484375
0 0.58984375 0.2880859375 0.16015625 0.115234375
0 0.744140625 0.2509765625 0.09375 0.052734375
0 0.638671875 0.2392578125 0.046875 0.037109375
0 0.9248046875 0.1875 0.037109375 0.01953125
0 0.7158203125 0.19921875 0.107421875 0.0625
0 0.708984375 0.1669921875 0.05859375 0.037109375
0 0.7998046875 0.16015625 0.025390625 0.02734375
0 0.455078125 0.234375 0.33203125 0.25390625
0 0.7724609375 0.1240234375 0.037109375 0.037109375
0 0.865234375 0.0751953125 0.125 0.150390625
