0 0.9716796875 0.9814453125 0.056640625 0.037109375
0 0.1298828125 0.9794921875 0.060546875 0.033203125
0 0.1552734375 0.9248046875 0.076171875 0.048828125
0 0.6298828125 0.87890625 0.095703125 0.0703125
0 0.8623046875 0.87890625 0.162109375 0.08203125
0 0.9599609375 0.837890625 0.068359375 0.02734375
0 0.5546875 0.794921875 0.0390625 0.0546875
0 0.765625 0.7822265625 0.109375 0.037109375
0 0.6708984375 0.7978515625 0.205078125 0.103515625
0 0.0810546875 0.6875 0.111328125 0.0390625
0 0.0654296875 0.6328125 0.130859375 0.04296875
0 0.330078125 0.708984375 0.39453125 0.27734375
0 0.3037109375 0.55859375 0.130859375 0.02734375
0 0.7412109375 0.599609375 0.396484375 0.1484375
0 0.3369140625 0.470703125 0.111328125 0.04296875
0 0.107421875 0.494140625 0.21484375 0.1015625
0 0.8896484375 0.4404296875 0.181640625 0.076171875
0 0.5341796875 0.4443359375 0.232421875 0.169921875
