0 0.7236328125 0.8359375 0.083984375 0.02734375
0 0.7138671875 0.7822265625 0.033203125 0.021484375
0 0.60546875 0.7841796875 0.0390625 0.029296875
0 0.3447265625 0.78515625 0.056640625 0.03125
0 0.51171875 0.76171875 0.04296875 0.01953125
0 0.1630859375 0.7509765625 0.025390625 0.029296875
0 0.7392578125 0.7451171875 0.041015625 0.025390625
0 0.3154296875 0.7392578125 0.029296875 0.017578125
0 0.197265625 0.7294921875 0.0390625 0.033203125
0 0.3271484375 0.712890625 0.037109375 0.02734375
0 0.1611328125 0.7109375 0.021484375 0.0234375
0 0.5654296875 0.689453125 0.048828125 0.03515625
0 0.6806640625 0.6904296875 0.080078125 0.041015625
0 0.73046875 0.6689453125 0.03515625 0.013671875
0 0.52734375 0.6474609375 0.01953125 0.025390625
0 0.6328125 0.6416015625 0.0546875 0.017578125
0 0.583984375 0.6484375 0.1015625 0.05078125
0 0.82421875 0.630859375 0.05078125 0.046875
0 0.1806640625 0.5986328125 0.060546875 0.025390625
0 0.2900390625 0.59375 0.056640625 0.01953125
0 0.2763671875 0.5673828125 0.076171875 0.021484375
0 0.185546875 0.55859375 0.03515625 0.01953125
0 0.4150390625 0.6044921875 0.197265625 0.138671875
0 0.4013671875 0.5283203125 0.064453125 0.013671875
0 0.6201171875 0.548828125 0.197265625 0.07421875
0 0.41796875 0.4853515625 0.05859375 0.021484375
0 0.25390625 0.4970703125 0.20703125 0.056640625
0 0.6943359375 0.4697265625 0.091796875 0.037109375
0 0.5166015625 0.47265625 0.115234375 0.0859375
0 0.80859375 0.4560546875 0.08203125 0.119140625
