0 0.8701171875 0.666015625 0.072265625 0.03125
0 0.046875 0.6640625 0.09375 0.05078125
0 0.9296875 0.6337890625 0.08984375 0.041015625
0 0.2099609375 0.6201171875 0.044921875 0.029296875
0 0.970703125 0.59765625 0.0390625 0.03125
0 0.8212890625 0.5771484375 0.044921875 0.025390625
0 0.09765625 0.5703125 0.03515625 0.0234375
0 0.5634765625 0.650390625 0.666015625 0.19921875
0 0.2412109375 0.5458984375 0.107421875 0.044921875
0 0.6904296875 0.5458984375 0.162109375 0.048828125
0 0.658203125 0.5146484375 0.03515625 0.017578125
0 0.0302734375 0.53125 0.060546875 0.0625
0 0.1904296875 0.5009765625 0.033203125 0.029296875
0 0.72265625 0.4970703125 0.09765625 0.037109375
0 0.1064453125 0.470703125 0.033203125 0.015625
0 0.486328125 0.4853515625 0.0859375 0.087890625
0 0.0234375 0.4365234375 0.046875 0.021484375
0 0.314453125 0.4140625 0.234375 0.13671875
0 0.1630859375 0.376953125 0.095703125 0.0703125
0 0.0166015625 0.1494140625 0.033203125 0.052734375
0 0.5341796875 0.271484375 0.931640625 0.54296875
