0 0.0126953125 0.40625 0.025390625 0.02734375
0 0.7490234375 0.3515625 0.048828125 0.0234375
0 0.912109375 0.3466796875 0.17578125 0.076171875
0 0.9013671875 0.30078125 0.083984375 0.03125
0 0.7373046875 0.294921875 0.083984375 0.03515625
0 0.9814453125 0.265625 0.037109375 0.03125
0 0.5 0.5078125 1.0 0.61328125
0 0.984375 0.2177734375 0.03125 0.048828125
0 0.7958984375 0.17578125 0.029296875 0.015625
0 0.4921875 0.1787109375 0.02734375 0.025390625
0 0.5205078125 0.1435546875 0.037109375 0.029296875
0 0.708984375 0.1318359375 0.046875 0.033203125
0 0.814453125 0.119140625 0.0234375 0.01953125
0 0.9541015625 0.126953125 0.072265625 0.04296875
0 0.7802734375 0.115234375 0.037109375 0.03515625
0 0.9365234375 0.0869140625 0.041015625 0.021484375
0 0.6630859375 0.0732421875 0.154296875 0.060546875
0 0.4482421875 0.0498046875 0.041015625 0.033203125
0 0.3759765625 0.048828125 0.021484375 0.03125
0 0.970703125 0.02734375 0.05859375 0.04296875
0 0.037109375 0.0322265625 0.07421875 0.064453125
