0 0.6201171875 0.916015625 0.072265625 0.03125
0 0.6796875 0.8837890625 0.08984375 0.041015625
0 0.720703125 0.84765625 0.0390625 0.03125
0 0.5712890625 0.8271484375 0.044921875 0.025390625
0 0.3232421875 0.900390625 0.646484375 0.19921875
0 0.0224609375 0.79296875 0.044921875 0.0390625
0 0.4404296875 0.7958984375 0.162109375 0.048828125
0 0.408203125 0.7646484375 0.03515625 0.017578125
0 0.47265625 0.7470703125 0.09765625 0.037109375
0 0.236328125 0.7353515625 0.0859375 0.087890625
0 0.0908203125 0.6640625 0.181640625 0.13671875
0 0.375 0.443359375 0.75 0.69921875
