0 0.1298828125 0.916015625 0.072265625 0.03125
0 0.953125 0.9140625 0.09375 0.05078125
0 0.0703125 0.8837890625 0.08984375 0.041015625
0 0.7900390625 0.8701171875 0.044921875 0.029296875
0 0.029296875 0.84765625 0.0390625 0.03125
0 0.1787109375 0.8271484375 0.044921875 0.025390625
0 0.90234375 0.8203125 0.03515625 0.0234375
0 0.4365234375 0.900390625 0.666015625 0.19921875
0 0.7587890625 0.7958984375 0.107421875 0.044921875
0 0.3095703125 0.7958984375 0.162109375 0.048828125
0 0.341796875 0.7646484375 0.03515625 0.017578125
0 0.9697265625 0.78125 0.060546875 0.0625
0 0.8095703125 0.7509765625 0.033203125 0.029296875
0 0.27734375 0.7470703125 0.09765625 0.037109375
0 0.8935546875 0.720703125 0.033203125 0.015625
0 0.513671875 0.7353515625 0.0859375 0.087890625
0 0.9765625 0.6865234375 0.046875 0.021484375
0 0.685546875 0.6640625 0.234375 0.13671875
0 0.8369140625 0.626953125 0.095703125 0.0703125
0 0.9833984375 0.3994140625 0.033203125 0.052734375
0 0.4658203125 0.443359375 0.931640625 0.69921875
