0 0.5703125 0.98046875 0.12109375 0.0390625
0 0.5556640625 0.904296875 0.048828125 0.02734375
0 0.400390625 0.90625 0.0546875 0.0390625
0 0.03515625 0.9072265625 0.0703125 0.041015625
0 0.2666015625 0.8740234375 0.064453125 0.029296875
0 0.00390625 0.8427734375 0.0078125 0.017578125
0 0.5908203125 0.849609375 0.056640625 0.0390625
0 0.015625 0.8037109375 0.03125 0.037109375
0 0.3427734375 0.771484375 0.068359375 0.05078125
0 0.5087890625 0.771484375 0.115234375 0.05859375
0 0.578125 0.7421875 0.05078125 0.01953125
0 0.2890625 0.7109375 0.02734375 0.0390625
0 0.439453125 0.701171875 0.078125 0.02734375
0 0.3720703125 0.712890625 0.146484375 0.07421875
0 0.712890625 0.6875 0.07421875 0.06640625
0 0.134765625 0.6494140625 0.26953125 0.197265625
0 0.109375 0.5419921875 0.09375 0.021484375
0 0.4228515625 0.5703125 0.283203125 0.10546875
0 0.0068359375 0.515625 0.013671875 0.0234375
0 0.1337890625 0.4794921875 0.080078125 0.029296875
0 0.0234375 0.48046875 0.046875 0.0390625
0 0.5283203125 0.45703125 0.130859375 0.0546875
0 0.2744140625 0.4609375 0.166015625 0.12109375
0 0.69140625 0.4365234375 0.1171875 0.173828125
