0 0.482421875 0.951171875 0.02734375 0.03125
0 0.150390625 0.9677734375 0.08203125 0.064453125
0 0.55859375 0.9501953125 0.04296875 0.033203125
0 0.76953125 0.9267578125 0.1484375 0.060546875
0 0.9072265625 0.880859375 0.025390625 0.01953125
0 0.8720703125 0.884765625 0.037109375 0.03515625
0 0.798828125 0.8681640625 0.046875 0.033203125
0 0.607421875 0.8564453125 0.0390625 0.029296875
0 0.8740234375 0.82421875 0.029296875 0.015625
0 0.5693359375 0.8212890625 0.029296875 0.025390625
0 0.787109375 0.705078125 0.08203125 0.03515625
0 0.94921875 0.69921875 0.0859375 0.03125
0 0.7861328125 0.6484375 0.048828125 0.0234375
0 0.931640625 0.6494140625 0.13671875 0.068359375
0 0.0361328125 0.59375 0.029296875 0.02734375
0 0.5029296875 0.4921875 0.994140625 0.61328125
