0 0.3056640625 0.943359375 0.044921875 0.03515625
0 0.1865234375 0.9248046875 0.037109375 0.025390625
0 0.1103515625 0.9130859375 0.068359375 0.060546875
0 0.3203125 0.865234375 0.10546875 0.05859375
0 0.2607421875 0.833984375 0.037109375 0.02734375
0 0.171875 0.8271484375 0.03125 0.021484375
0 0.0830078125 0.8193359375 0.048828125 0.025390625
0 0.9541015625 0.7900390625 0.072265625 0.037109375
0 0.6708984375 0.8740234375 0.654296875 0.251953125
0 0.978515625 0.74609375 0.04296875 0.03515625
0 0.8857421875 0.7216796875 0.044921875 0.029296875
0 0.7529296875 0.7294921875 0.162109375 0.060546875
0 0.7138671875 0.7099609375 0.033203125 0.025390625
0 0.541015625 0.7314453125 0.08984375 0.091796875
0 0.203125 0.72265625 0.09375 0.07421875
0 0.771484375 0.6767578125 0.09765625 0.037109375
0 0.361328125 0.7001953125 0.23046875 0.158203125
0 0.015625 0.5498046875 0.03125 0.044921875
0 0.5302734375 0.388671875 0.939453125 0.5390625
