0 0.8291015625 0.8310546875 0.041015625 0.029296875
0 0.4140625 0.81640625 0.015625 0.01953125
0 0.17578125 0.828125 0.05078125 0.04296875
0 0.4638671875 0.8154296875 0.029296875 0.021484375
0 0.8056640625 0.7890625 0.029296875 0.015625
0 0.6142578125 0.798828125 0.107421875 0.04296875
0 0.720703125 0.765625 0.015625 0.01171875
0 0.6962890625 0.76953125 0.025390625 0.0234375
0 0.818359375 0.7607421875 0.05078125 0.029296875
0 0.646484375 0.7568359375 0.03125 0.021484375
0 0.5146484375 0.75 0.025390625 0.01953125
0 0.7080078125 0.7275390625 0.021484375 0.009765625
0 0.4951171875 0.7255859375 0.017578125 0.017578125
0 0.837890625 0.697265625 0.0234375 0.03515625
0 0.8359375 0.6630859375 0.02734375 0.021484375
0 0.6650390625 0.64453125 0.060546875 0.0234375
0 0.78125 0.6396484375 0.05859375 0.021484375
0 0.673828125 0.603515625 0.03515625 0.015625
0 0.7880859375 0.6083984375 0.123046875 0.052734375
0 0.1591796875 0.56640625 0.017578125 0.01953125
0 0.5 0.4931640625 0.69921875 0.427734375
