0 0.1796875 0.98046875 0.12109375 0.0390625
0 0.1943359375 0.904296875 0.048828125 0.02734375
0 0.720703125 0.9072265625 0.08203125 0.041015625
0 0.349609375 0.90625 0.0546875 0.0390625
0 0.4833984375 0.8740234375 0.064453125 0.029296875
0 0.982421875 0.8583984375 0.03515625 0.044921875
0 0.763671875 0.841796875 0.04296875 0.0234375
0 0.1591796875 0.849609375 0.056640625 0.0390625
0 0.9345703125 0.828125 0.056640625 0.046875
0 0.984375 0.8017578125 0.03125 0.033203125
0 0.74609375 0.8037109375 0.0546875 0.037109375
0 0.4072265625 0.771484375 0.068359375 0.05078125
0 0.2412109375 0.771484375 0.115234375 0.05859375
0 0.171875 0.7421875 0.05078125 0.01953125
0 0.4609375 0.7109375 0.02734375 0.0390625
0 0.310546875 0.701171875 0.078125 0.02734375
0 0.3779296875 0.712890625 0.146484375 0.07421875
0 0.037109375 0.6875 0.07421875 0.06640625
0 0.95703125 0.6416015625 0.0859375 0.037109375
0 0.7998046875 0.6337890625 0.080078125 0.029296875
0 0.8193359375 0.5947265625 0.111328125 0.029296875
0 0.94921875 0.58203125 0.05078125 0.02734375
0 0.62109375 0.6494140625 0.28125 0.197265625
0 0.640625 0.5419921875 0.09375 0.021484375
0 0.3271484375 0.5703125 0.283203125 0.10546875
0 0.6162109375 0.4794921875 0.080078125 0.029296875
0 0.8515625 0.494140625 0.296875 0.08203125
0 0.2216796875 0.45703125 0.130859375 0.0546875
0 0.4755859375 0.4609375 0.166015625 0.12109375
0 0.05859375 0.4365234375 0.1171875 0.173828125
