0 0.701171875 0.98046875 0.046875 0.03515625
0 0.7470703125 0.939453125 0.056640625 0.04296875
0 0.5498046875 0.9375 0.056640625 0.0390625
0 0.4287109375 0.8671875 0.064453125 0.03515625
0 0.7607421875 0.8310546875 0.048828125 0.029296875
0 0.6865234375 0.8447265625 0.107421875 0.068359375
0 0.1923828125 0.826171875 0.080078125 0.0390625
0 0.904296875 0.81640625 0.078125 0.07421875
0 0.5263671875 0.7890625 0.060546875 0.0625
0 0.1650390625 0.7529296875 0.044921875 0.029296875
0 0.634765625 0.75 0.07421875 0.04296875
0 0.5654296875 0.75 0.134765625 0.09765625
0 0.1904296875 0.720703125 0.052734375 0.0390625
0 0.486328125 0.7158203125 0.02734375 0.041015625
0 0.0166015625 0.6904296875 0.033203125 0.041015625
0 0.6484375 0.603515625 0.2734375 0.12890625
0 0.1787109375 0.544921875 0.080078125 0.04296875
0 0.775390625 0.546875 0.125 0.06640625
0 0.93359375 0.5859375 0.1328125 0.16015625
0 0.03515625 0.5078125 0.0703125 0.0390625
0 0.3544921875 0.498046875 0.091796875 0.03515625
0 0.3505859375 0.5947265625 0.267578125 0.232421875
0 0.1689453125 0.4990234375 0.107421875 0.052734375
0 0.3916015625 0.4453125 0.080078125 0.0234375
0 0.0458984375 0.4521484375 0.048828125 0.037109375
0 0.5283203125 0.4619140625 0.173828125 0.107421875
0 0.1572265625 0.396484375 0.294921875 0.1171875
