0 0.935546875 0.98046875 0.1171875 0.0390625
0 0.904296875 0.904296875 0.046875 0.02734375
0 0.75 0.90625 0.05859375 0.0390625
0 0.3759765625 0.9072265625 0.083984375 0.041015625
0 0.60546875 0.8740234375 0.0625 0.029296875
0 0.10546875 0.8583984375 0.04296875 0.044921875
0 0.9287109375 0.849609375 0.056640625 0.0390625
0 0.318359375 0.841796875 0.046875 0.0234375
0 0.1474609375 0.828125 0.052734375 0.046875
0 0.328125 0.8037109375 0.0546875 0.037109375
0 0.0888671875 0.8017578125 0.033203125 0.033203125
0 0.6591796875 0.771484375 0.076171875 0.05078125
0 0.826171875 0.771484375 0.12109375 0.05859375
0 0.888671875 0.7421875 0.05078125 0.01953125
0 0.591796875 0.7109375 0.03125 0.0390625
0 0.7392578125 0.701171875 0.083984375 0.02734375
0 0.67578125 0.712890625 0.15625 0.07421875
0 0.984375 0.685546875 0.03125 0.0625
0 0.07421875 0.6416015625 0.0859375 0.037109375
0 0.234375 0.6337890625 0.08203125 0.029296875
0 0.0732421875 0.58203125 0.052734375 0.02734375
0 0.3525390625 0.6494140625 0.412109375 0.197265625
0 0.3701171875 0.5419921875 0.095703125 0.021484375
0 0.6904296875 0.5703125 0.283203125 0.10546875
0 0.3798828125 0.4794921875 0.080078125 0.029296875
0 0.1484375 0.494140625 0.296875 0.08203125
0 0.771484375 0.45703125 0.1328125 0.0546875
0 0.51171875 0.4609375 0.16796875 0.12109375
0 0.9365234375 0.4365234375 0.126953125 0.173828125
