0 0.10546875 0.9990234375 0.01171875 0.001953125
0 0.8994140625 0.998046875 0.025390625 0.00390625
0 0.94921875 0.9580078125 0.0625 0.037109375
0 0.5146484375 0.9599609375 0.630859375 0.080078125
0 0.1376953125 0.9150390625 0.150390625 0.060546875
0 0.7666015625 0.9140625 0.228515625 0.06640625
0 0.720703125 0.87109375 0.046875 0.02734375
0 0.06640625 0.8505859375 0.046875 0.041015625
0 0.8115234375 0.845703125 0.138671875 0.05078125
0 0.4794921875 0.830078125 0.119140625 0.125
0 0.240234375 0.7294921875 0.33203125 0.189453125
0 0.046875 0.677734375 0.09375 0.09765625
0 0.5 0.439453125 1.0 0.87890625
