0 0.759765625 0.791015625 0.05078125 0.0234375
0 0.18359375 0.7900390625 0.06640625 0.037109375
0 0.7998046875 0.767578125 0.064453125 0.02734375
0 0.296875 0.7587890625 0.03125 0.017578125
0 0.830078125 0.7431640625 0.02734375 0.021484375
0 0.724609375 0.7294921875 0.03125 0.017578125
0 0.2177734375 0.724609375 0.025390625 0.015625
0 0.5439453125 0.7802734375 0.466796875 0.138671875
0 0.3193359375 0.70703125 0.076171875 0.03125
0 0.6328125 0.70703125 0.11328125 0.03515625
0 0.6103515625 0.685546875 0.025390625 0.01171875
0 0.171875 0.6962890625 0.04296875 0.044921875
0 0.2822265625 0.67578125 0.021484375 0.01953125
0 0.6552734375 0.6728515625 0.068359375 0.025390625
0 0.224609375 0.654296875 0.0234375 0.01171875
0 0.490234375 0.6650390625 0.05859375 0.060546875
0 0.166015625 0.630859375 0.03125 0.015625
0 0.369140625 0.615234375 0.1640625 0.09375
0 0.2646484375 0.5888671875 0.068359375 0.048828125
0 0.162109375 0.4296875 0.0234375 0.03515625
0 0.5234375 0.4599609375 0.65234375 0.486328125
