0 0.9658203125 0.916015625 0.068359375 0.03125
0 0.146484375 0.9140625 0.09765625 0.05078125
0 0.9873046875 0.8798828125 0.025390625 0.025390625
0 0.2998046875 0.8701171875 0.044921875 0.029296875
0 0.9013671875 0.8271484375 0.048828125 0.025390625
0 0.1767578125 0.8203125 0.041015625 0.0234375
0 0.6689453125 0.900390625 0.662109375 0.19921875
0 0.314453125 0.7958984375 0.109375 0.044921875
0 0.76171875 0.7958984375 0.16796875 0.048828125
0 0.72265625 0.7646484375 0.03515625 0.017578125
0 0.0986328125 0.78125 0.072265625 0.0625
0 0.2529296875 0.7509765625 0.037109375 0.029296875
0 0.78125 0.7470703125 0.1015625 0.037109375
0 0.16015625 0.720703125 0.03515625 0.015625
0 0.54296875 0.7353515625 0.09375 0.087890625
0 0.068359375 0.6865234375 0.05078125 0.021484375
0 0.3564453125 0.6640625 0.236328125 0.13671875
0 0.1923828125 0.626953125 0.095703125 0.0703125
0 0.0078125 0.4140625 0.015625 0.0234375
0 0.5224609375 0.4345703125 0.955078125 0.681640625
