0 0.970703125 0.72265625 0.05859375 0.04296875
0 0.3759765625 0.701171875 0.021484375 0.03125
0 0.037109375 0.7177734375 0.07421875 0.064453125
0 0.4482421875 0.7001953125 0.041015625 0.033203125
0 0.9365234375 0.6630859375 0.041015625 0.021484375
0 0.6630859375 0.6767578125 0.154296875 0.060546875
0 0.814453125 0.630859375 0.0234375 0.01953125
0 0.7802734375 0.634765625 0.037109375 0.03515625
0 0.9541015625 0.623046875 0.072265625 0.04296875
0 0.708984375 0.6181640625 0.046875 0.033203125
0 0.5205078125 0.6064453125 0.037109375 0.029296875
0 0.7958984375 0.57421875 0.029296875 0.015625
0 0.4921875 0.5712890625 0.02734375 0.025390625
0 0.984375 0.5322265625 0.03125 0.048828125
0 0.9814453125 0.484375 0.037109375 0.03125
0 0.7373046875 0.455078125 0.083984375 0.03515625
0 0.9013671875 0.44921875 0.083984375 0.03125
0 0.7490234375 0.3984375 0.048828125 0.0234375
0 0.912109375 0.4033203125 0.17578125 0.076171875
0 0.0126953125 0.34375 0.025390625 0.02734375
0 0.5 0.2744140625 1.0 0.548828125
