0 0.8515625 0.986328125 0.07421875 0.02734375
0 0.716796875 0.9609375 0.0234375 0.01953125
0 0.6796875 0.9521484375 0.03515625 0.033203125
0 0.5556640625 0.95703125 0.158203125 0.08203125
0 0.3447265625 0.919921875 0.041015625 0.03515625
0 0.615234375 0.9169921875 0.04296875 0.033203125
0 0.9033203125 0.916015625 0.037109375 0.046875
0 0.7109375 0.8984375 0.02734375 0.01953125
0 0.275390625 0.8994140625 0.0234375 0.033203125
0 0.91015625 0.8701171875 0.04296875 0.033203125
0 0.4365234375 0.849609375 0.037109375 0.03125
0 0.41796875 0.80859375 0.02734375 0.02734375
0 0.841796875 0.8125 0.08203125 0.0390625
0 0.6796875 0.7724609375 0.0859375 0.041015625
0 0.86328125 0.7861328125 0.171875 0.087890625
0 0.705078125 0.716796875 0.046875 0.03125
0 0.0029296875 0.4794921875 0.005859375 0.025390625
0 0.0087890625 0.4501953125 0.017578125 0.033203125
0 0.484375 0.4873046875 0.96875 0.595703125
