0 0.029296875 0.97265625 0.05859375 0.04296875
0 0.962890625 0.9677734375 0.07421875 0.064453125
0 0.6240234375 0.951171875 0.021484375 0.03125
0 0.5517578125 0.9501953125 0.041015625 0.033203125
0 0.0634765625 0.9130859375 0.041015625 0.021484375
0 0.3369140625 0.9267578125 0.154296875 0.060546875
0 0.185546875 0.880859375 0.0234375 0.01953125
0 0.2197265625 0.884765625 0.037109375 0.03515625
0 0.291015625 0.8681640625 0.046875 0.033203125
0 0.0458984375 0.873046875 0.072265625 0.04296875
0 0.4794921875 0.8564453125 0.037109375 0.029296875
0 0.2041015625 0.82421875 0.029296875 0.015625
0 0.5078125 0.8212890625 0.02734375 0.025390625
0 0.015625 0.7822265625 0.03125 0.048828125
0 0.0185546875 0.734375 0.037109375 0.03125
0 0.2626953125 0.705078125 0.083984375 0.03515625
0 0.0986328125 0.69921875 0.083984375 0.03125
0 0.2509765625 0.6484375 0.048828125 0.0234375
0 0.087890625 0.6533203125 0.17578125 0.076171875
0 0.9873046875 0.59375 0.025390625 0.02734375
0 0.5 0.4921875 1.0 0.61328125
