0 0.720703125 0.97265625 0.05859375 0.04296875
0 0.1259765625 0.951171875 0.021484375 0.03125
0 0.1982421875 0.9501953125 0.041015625 0.033203125
0 0.6865234375 0.9130859375 0.041015625 0.021484375
0 0.4130859375 0.9267578125 0.154296875 0.060546875
0 0.564453125 0.880859375 0.0234375 0.01953125
0 0.5302734375 0.884765625 0.037109375 0.03515625
0 0.7041015625 0.873046875 0.072265625 0.04296875
0 0.458984375 0.8681640625 0.046875 0.033203125
0 0.2705078125 0.8564453125 0.037109375 0.029296875
0 0.5458984375 0.82421875 0.029296875 0.015625
0 0.2421875 0.8212890625 0.02734375 0.025390625
0 0.734375 0.7822265625 0.03125 0.048828125
0 0.7314453125 0.734375 0.037109375 0.03125
0 0.4873046875 0.705078125 0.083984375 0.03515625
0 0.6513671875 0.69921875 0.083984375 0.03125
0 0.4990234375 0.6484375 0.048828125 0.0234375
0 0.662109375 0.6533203125 0.17578125 0.076171875
0 0.375 0.490234375 0.75 0.609375
