0 0.7783203125 0.9990234375 0.005859375 0.001953125
0 0.7587890625 0.9990234375 0.005859375 0.001953125
0 0.736328125 0.99609375 0.01953125 0.0078125
0 0.8271484375 0.9873046875 0.091796875 0.025390625
0 0.87109375 0.974609375 0.03515625 0.0390625
0 0.732421875 0.91015625 0.04296875 0.03515625
0 0.61328125 0.8408203125 0.15625 0.080078125
0 0.591796875 0.8037109375 0.03515625 0.021484375
0 0.6572265625 0.8017578125 0.091796875 0.056640625
0 0.1337890625 0.77734375 0.044921875 0.03125
0 0.0068359375 0.771484375 0.013671875 0.02734375
0 0.4501953125 0.869140625 0.630859375 0.26171875
0 0.1796875 0.7158203125 0.10546875 0.052734375
0 0.0361328125 0.693359375 0.033203125 0.02734375
0 0.427734375 0.72265625 0.0859375 0.08984375
0 0.140625 0.654296875 0.03125 0.03515625
0 0.0048828125 0.646484375 0.009765625 0.046875
0 0.0673828125 0.59765625 0.033203125 0.01953125
0 0.2783203125 0.611328125 0.232421875 0.1484375
0 0.009765625 0.5439453125 0.01953125 0.025390625
0 0.142578125 0.5224609375 0.09765625 0.080078125
0 0.052734375 0.26171875 0.03515625 0.0546875
0 0.5478515625 0.5 0.904296875 0.8515625
