0 0.482421875 0.9716796875 0.02734375 0.033203125
0 0.5556640625 0.951171875 0.041015625 0.03515625
0 0.6025390625 0.8408203125 0.037109375 0.029296875
0 0.759765625 0.8701171875 0.14453125 0.095703125
0 0.5673828125 0.8134765625 0.029296875 0.029296875
0 0.7880859375 0.7958984375 0.048828125 0.037109375
0 0.9990234375 0.77734375 0.001953125 0.0078125
0 0.859375 0.791015625 0.03515625 0.0390625
0 0.8935546875 0.7763671875 0.025390625 0.021484375
0 0.99609375 0.75 0.0078125 0.015625
0 0.0517578125 0.7333984375 0.029296875 0.029296875
0 0.859375 0.7275390625 0.03125 0.021484375
0 0.77734375 0.62890625 0.078125 0.046875
0 0.7763671875 0.5712890625 0.048828125 0.025390625
0 0.93359375 0.5771484375 0.08203125 0.041015625
0 0.9248046875 0.51953125 0.150390625 0.08203125
0 0.509765625 0.5537109375 0.97265625 0.748046875
