0 0.7783203125 0.54296875 0.130859375 0.0546875
0 0.3837890625 0.5205078125 0.080078125 0.029296875
0 0.5244140625 0.5390625 0.166015625 0.12109375
0 0.94140625 0.5634765625 0.1171875 0.173828125
0 0.1484375 0.505859375 0.296875 0.08203125
0 0.359375 0.4580078125 0.09375 0.021484375
0 0.05078125 0.41796875 0.05078125 0.02734375
0 0.1806640625 0.4052734375 0.111328125 0.029296875
0 0.6728515625 0.4296875 0.283203125 0.10546875
0 0.2001953125 0.3662109375 0.080078125 0.029296875
0 0.04296875 0.3583984375 0.0859375 0.037109375
0 0.689453125 0.298828125 0.078125 0.02734375
0 0.962890625 0.3125 0.07421875 0.06640625
0 0.5390625 0.2890625 0.02734375 0.0390625
0 0.37890625 0.3505859375 0.28125 0.197265625
0 0.6220703125 0.287109375 0.146484375 0.07421875
0 0.828125 0.2578125 0.05078125 0.01953125
0 0.5927734375 0.228515625 0.068359375 0.05078125
0 0.7587890625 0.228515625 0.115234375 0.05859375
0 0.015625 0.1982421875 0.03125 0.033203125
0 0.25390625 0.1962890625 0.0546875 0.037109375
0 0.0654296875 0.171875 0.056640625 0.046875
0 0.236328125 0.158203125 0.04296875 0.0234375
0 0.8408203125 0.150390625 0.056640625 0.0390625
0 0.017578125 0.1416015625 0.03515625 0.044921875
0 0.5166015625 0.1259765625 0.064453125 0.029296875
0 0.8056640625 0.095703125 0.048828125 0.02734375
0 0.650390625 0.09375 0.0546875 0.0390625
0 0.279296875 0.0927734375 0.08203125 0.041015625
0 0.8203125 0.01953125 0.12109375 0.0390625
