0 0.1171875 0.9814453125 0.0390625 0.037109375
0 0.37890625 0.9599609375 0.08203125 0.056640625
0 0.1025390625 0.9345703125 0.033203125 0.033203125
0 0.1591796875 0.9453125 0.048828125 0.05859375
0 0.3232421875 0.9091796875 0.041015625 0.029296875
0 0.333984375 0.8662109375 0.0546875 0.041015625
0 0.6025390625 0.859375 0.060546875 0.03515625
0 0.919921875 0.8720703125 0.11328125 0.068359375
0 0.7412109375 0.84765625 0.052734375 0.046875
0 0.8896484375 0.8037109375 0.048828125 0.033203125
0 0.08984375 0.7705078125 0.08203125 0.048828125
0 0.9130859375 0.7412109375 0.056640625 0.044921875
0 0.65234375 0.7353515625 0.07421875 0.041015625
0 0.0869140625 0.7119140625 0.052734375 0.029296875
0 0.2421875 0.716796875 0.078125 0.04296875
0 0.587890625 0.6923828125 0.03125 0.041015625
0 0.2119140625 0.6796875 0.107421875 0.04296875
0 0.814453125 0.681640625 0.1171875 0.05859375
0 0.6689453125 0.671875 0.150390625 0.0703125
0 0.7294921875 0.640625 0.080078125 0.02734375
0 0.875 0.6376953125 0.05078125 0.029296875
0 0.408203125 0.7060546875 0.29296875 0.177734375
0 0.3740234375 0.58203125 0.091796875 0.0390625
0 0.1591796875 0.6015625 0.287109375 0.1484375
0 0.9755859375 0.546875 0.048828125 0.06640625
0 0.3828125 0.5146484375 0.078125 0.044921875
0 0.6845703125 0.529296875 0.275390625 0.109375
0 0.5107421875 0.4619140625 0.166015625 0.146484375
0 0.7607421875 0.3759765625 0.126953125 0.076171875
0 0.9248046875 0.3095703125 0.126953125 0.185546875
0 0.9462890625 0.2138671875 0.001953125 0.001953125
